4|3754|9592|
7|4695|8570|
8|5168|8845|
11|5542|8136|
15|5648|6846|
16|4726|5469|
21|5621|6885|
26|3093|3178|
31|3685|8336|
35|4058|9538|
36|3915|6223|
41|4634|3550|
43|4587|9993|
45|3294|10814|
47|5177|10294|
49|4964|9150|
53|4827|8041|
56|3304|10995|
57|3185|5261|
62|3651|10555|
67|3573|3242|
72|5106|3383|
77|4498|6157|
79|3460|7003|
82|5177|8893|
85|4881|7199|
89|3059|9186|
91|4613|3429|
96|4593|4331|
98|4414|4740|
103|3879|7604|
104|3743|9465|
107|3034|4236|
109|4837|4203|
113|4650|5853|
115|5151|6474|
116|5296|10448|
121|4706|7703|
125|4001|9116|
129|4507|9933|
130|2941|9860|
135|3588|11002|
137|4620|3509|
139|2992|5488|
144|4127|8007|
147|4405|8026|
152|2907|10696|
157|3637|9410|
159|5072|8055|
163|5257|9521|
168|3061|8451|
170|4193|10060|
173|5706|5244|
177|3530|8215|
182|2907|8549|
186|5597|9195|
191|4542|9915|
194|5589|6685|
195|3574|3153|
200|4275|9443|
203|3657|4930|
204|4982|8219|
209|5012|6592|
212|4107|8643|
216|3686|5095|
220|5028|3879|
225|4253|10093|
227|4453|9028|
231|3801|9687|
236|3047|7565|
241|5003|4032|
246|5056|9478|
247|5531|5989|
252|4886|6945|
254|4215|9815|
259|3688|8396|
261|5366|10645|
264|3348|8758|
269|3543|6381|
270|3400|7696|
275|3264|3456|
277|5033|5268|
278|5260|7461|
280|3149|4011|
284|4704|10119|
286|4252|7178|
289|3733|4023|
294|3525|10827|
299|5160|6910|
300|3846|4787|
303|5405|3189|
306|4959|7309|
309|4797|8049|
314|5675|4043|
316|5197|9016|
317|4545|11001|
319|4838|3594|
320|2937|5437|
323|3966|9871|
325|3092|4826|
330|4105|8586|
331|3935|9267|
332|4300|9664|
333|4606|10647|
336|5056|7743|
339|3509|7017|
341|3016|4053|
346|5086|6291|
351|5023|8914|
356|3643|9080|
359|5546|9912|
363|3971|9482|
368|3303|8816|
370|3378|10066|
371|4347|6000|
374|5043|6255|
375|3331|7488|
378|4124|8802|
382|5159|6206|
384|5230|3684|
389|3852|4944|
392|4537|7611|
396|3172|9108|
399|3101|7712|
402|3507|8606|
405|3241|6396|
407|3104|9575|
408|5452|4166|
410|5681|9480|
415|4429|9309|
418|2976|5975|
423|3208|5812|
427|3196|5218|
431|4931|3911|
433|4111|6253|
434|3277|7762|
435|5651|9679|
438|5363|10561|
443|3200|10983|
445|5241|7602|
449|3313|6456|
452|3055|10360|
454|3033|8296|
456|5353|10912|
460|3673|8777|
464|4740|9946|
468|3621|7783|
473|3925|10994|
478|5630|3962|
482|5302|5398|
483|5420|7452|
486|4922|8278|
489|4028|8608|
490|5276|9790|
493|4193|6679|
496|3339|7409|
501|4309|5685|
502|3047|8747|
503|3335|10422|
504|5081|4886|
509|5044|10854|
511|5574|6128|
514|4312|4600|
516|3920|4209|
518|3137|8245|
520|3056|7687|
524|4837|9260|
529|3077|4234|
531|4956|7371|
534|4402|7759|
538|3919|7856|
543|3818|7201|
544|3185|6504|
546|5001|10847|
551|5183|10093|
552|5435|7347|
554|3720|3568|
559|5424|8239|
560|3702|7833|
561|3134|10840|
566|5394|6631|
570|3112|3873|
572|4041|8022|
577|3908|8396|
582|3330|3571|
586|5163|7060|
589|3905|7898|
591|5529|5437|
594|5040|3641|
598|4885|9322|
602|5430|5473|
604|4948|7620|
609|4911|9504|
611|3417|7313|
613|3595|9833|
615|4802|8725|
618|5239|5623|
622|5608|7121|
624|3828|7847|
628|3992|10155|
632|5617|3719|
633|5646|9015|
638|5209|3151|
641|3974|7332|
642|3092|10435|
646|2958|7616|
650|4259|4977|
651|5077|6336|
655|4299|8925|
658|2924|6467|
660|5560|5451|
662|3356|3661|
667|4982|8094|
672|4540|8527|
673|4275|4120|
678|3198|6832|
681|3663|4123|
684|5317|5932|
689|2980|7708|
693|4913|6735|
696|5233|6410|
697|4684|8936|
700|3471|5240|
704|4594|4459|
705|3894|4783|
710|5393|3469|
711|4037|5705|
713|4477|7770|
717|4305|9720|
718|5067|4454|
722|3976|6224|
726|3129|4607|
730|3240|5179|
733|4862|8235|
735|3829|9112|
738|4017|9033|
741|2978|9046|
744|3710|6415|
745|3070|4724|
747|3221|10906|
751|3105|3537|
756|5613|5999|
757|3460|8129|
760|4070|7652|
762|4226|5670|
764|3793|10383|
765|2988|7820|
767|4408|10221|
769|2987|8160|
773|3044|9983|
776|3788|5844|
781|5037|3205|
782|3467|6231|
783|3976|10703|
786|4841|8152|
790|5448|9844|
792|5342|5877|
797|3836|6993|
799|3222|9557|
803|4574|7636|
805|3799|3801|
807|3080|4676|
809|4355|4630|
812|3520|10679|
816|5442|6118|
819|5193|7640|
824|3260|4626|
827|4447|8584|
832|3397|9105|
833|5239|4063|
837|4005|4836|
838|4537|5259|
841|4320|4868|
842|3490|7571|
846|3778|3402|
850|4245|5731|
852|5024|3977|
855|4114|4312|
859|4073|5136|
861|5052|7835|
866|5409|4815|
867|5665|5974|
872|4610|7413|
877|5708|8586|
880|4904|9823|
883|5263|5458|
884|5410|5169|
888|5444|3133|
891|4429|6114|
896|3141|8067|
900|4312|6932|
902|5641|4803|
906|4129|7185|
908|5050|5735|
912|5358|8147|
914|5085|9331|
918|4985|3295|
923|4723|5606|
924|5044|7391|
928|4769|9197|
932|3784|7158|
934|5399|6666|
937|3555|10388|
938|3271|10401|
942|4753|8350|
943|3018|8357|
944|4147|8096|
947|5350|3970|
951|3441|8576|
956|3831|7602|
959|5133|5017|
961|4739|9070|
965|4769|10137|
968|3429|8619|
971|5259|8240|
973|3260|6731|
975|3965|6586|
979|4981|4701|
980|4671|6464|
983|3455|9308|
988|4067|4021|
990|4929|6504|
994|4794|6739|
997|3749|9331|
999|5002|6365|
1001|3691|7921|
1002|3474|10134|
1003|3172|6910|
1006|5148|6117|
1009|4346|8219|
1013|3032|6907|
1015|3053|9895|
1017|4139|8167|
1018|4167|10139|
1021|4940|6680|
1025|3028|4261|
1029|4731|3482|
1031|3871|5558|
1032|3990|3493|
1037|3512|4371|
1042|3595|7328|
1046|3369|5222|
1051|3577|4289|
1055|3782|4964|
1058|4720|4677|
1061|3479|10756|
1066|5471|7351|
1067|3893|8575|
1069|3476|3769|
1070|3759|8288|
1072|4090|5786|
1073|4545|5955|
1075|4318|10959|
1080|4789|8763|
1084|5234|5649|
1089|3925|8452|
1090|5284|5952|
1094|3241|8742|
1095|3123|3625|
1099|5107|7257|
1102|3906|9896|
1107|4352|9239|
1112|3760|5482|
1117|3834|9491|
1118|5036|6106|
1123|3200|9855|
1125|4602|5045|
1127|3346|4311|
1130|2999|8480|
1131|5693|6878|
1132|4407|10154|
1134|5007|7032|
1138|3903|8523|
1141|4467|8390|
1142|5090|8232|
1143|3363|5346|
1146|4279|8195|
1149|5446|5923|
1154|3301|3357|
1159|4899|7102|
1164|4811|8532|
1167|3309|7195|
1168|3475|9352|
1170|3093|6514|
1172|3174|10869|
1177|4543|4447|
1180|3655|9057|
1185|5488|5636|
1186|4512|4028|
1191|3346|4613|
1194|3831|6269|
1195|3578|4463|
1198|3405|5302|
1203|4350|8102|
1204|3401|6678|
1205|5589|9878|
1207|4160|7419|
1212|3635|4994|
1213|5143|5123|
1216|5380|8938|
1221|4593|7490|
1225|5495|7998|
1229|3613|7961|
1230|4947|6361|
1231|4334|10303|
1233|3930|7203|
1236|3210|3842|
1239|5525|10470|
1242|3124|4370|
1244|5419|3540|
1247|3130|6576|
1252|3431|8760|
1255|3002|5215|
1257|4999|5500|
1259|4608|3226|
1263|3088|3202|
1266|3459|3766|
1270|3079|10568|
1273|4959|7534|
1276|4016|8013|
1278|3166|10693|
1280|5001|10982|
1282|5642|10018|
1287|5258|5771|
1290|3285|10440|
1293|3222|3844|
1295|3315|4239|
1298|4023|10657|
1302|5607|9944|
1306|5702|10616|
1311|3923|9675|
1315|3892|10385|
1317|3696|6317|
1320|5069|5273|
1324|5662|8581|
1328|5583|6251|
1331|4538|4262|
1333|3767|6614|
1335|4969|8743|
1340|4637|8365|
1342|4141|4801|
1344|4103|3166|
1345|4363|10966|
1346|5442|9279|
1350|5164|4206|
1352|5279|7782|
1357|4437|8050|
1358|4446|9838|
1363|4001|10334|
1367|3109|9853|
1371|5132|4391|
1374|3368|9310|
1377|4109|8922|
1379|5356|9205|
1380|4550|3342|
1381|5271|6711|
1386|3076|8989|
1388|3846|10055|
1389|4133|6301|
1390|4169|7224|
1392|2925|4213|
1397|5599|6440|
1402|5467|3677|
1404|3781|5283|
1407|4073|10230|
1412|5378|10664|
1415|3837|8640|
1420|4046|10079|
1425|3285|3854|
1430|5307|7748|
1434|3233|3819|
1436|4722|6887|
1439|5252|4656|
1441|4997|10201|
1444|3026|5934|
1446|5262|7919|
1448|3374|9342|
1453|2993|5731|
1456|5244|9956|
1459|4461|5550|
1461|4745|5779|
1464|3156|10531|
1468|3797|3167|
1471|5362|4102|
1475|5606|6454|
1479|3212|9252|
1481|4140|8286|
1485|5627|3792|
1486|4361|8107|
1487|4178|9081|
1491|5412|4168|
1493|3025|9828|
1497|5062|8506|
1500|4513|4568|
1504|3603|8517|
1509|5678|5834|
1510|3492|10275|
1515|4174|4495|
1520|3000|8876|
1524|3768|3880|
1527|3361|4520|
1531|3681|7337|
1535|5478|7773|
1538|5414|4896|
1543|3254|3889|
1545|4965|9433|
1547|2998|7826|
1552|4315|6004|
1555|4945|10969|
1560|3455|3544|
1563|5450|8452|
1564|3852|8537|
1568|4546|9919|
1572|5080|9056|
1576|3953|4515|
1578|2991|8402|
1583|4725|5930|
1587|5608|7046|
1589|4562|7683|
1591|3103|4252|
1594|3020|9748|
1597|5529|6545|
1601|4422|3410|
1604|3349|10392|
1607|5147|5479|
1611|4941|9987|
1614|3634|9398|
1618|3386|5263|
1619|4872|4003|
1621|5559|6196|
1625|4551|10974|
1626|5683|7859|
1630|5250|3847|
1634|4150|9860|
1635|4284|6248|
1636|5611|10327|
1641|4659|4860|
1646|3175|6037|
1651|3673|3453|
1655|4580|7255|
1657|4110|3983|
1659|3019|7525|
1664|4152|7369|
1669|3583|10178|
1673|3638|4352|
1677|4314|7876|
1678|5657|4185|
1683|3226|4763|
1686|5194|4291|
1690|4571|7521|
1691|4001|6578|
1695|5564|8274|
1699|2941|7265|
1703|5164|3425|
1704|3778|8428|
1709|2995|10956|
1710|3209|8816|
1711|3806|6191|
1712|4470|10250|
1713|3664|10403|
1714|3818|7794|
1719|3353|8035|
1720|4048|7009|
1723|3317|10583|
1728|3790|3740|
1729|3885|6835|
1730|5207|8206|
1735|3852|6025|
1736|5581|10288|
1740|4459|6504|
1743|4651|3718|
1747|4272|5246|
1748|5416|3416|
1751|3127|4055|
1752|4868|9176|
1755|3933|8301|
1756|3734|4195|
1758|5097|7978|
1761|3061|3831|
1763|4917|5398|
1768|3123|4359|
1773|5679|3547|
1778|5126|6904|
1783|4589|10095|
1786|4794|9164|
1787|3043|6531|
1792|4504|6857|
1793|5059|6002|
1795|4279|6915|
1796|3928|6735|
1801|4045|4899|
1803|5520|6686|
1807|4139|9476|
1811|4724|9932|
1813|4065|3564|
1817|3709|5046|
1822|3663|8478|
1825|4994|9801|
1829|5676|7725|
1834|4350|10066|
1836|4020|6885|
1839|3178|3651|
1844|3493|9894|
1849|4566|5928|
1851|3130|10523|
1855|3577|8353|
1856|3379|3477|
1858|3855|9836|
1862|4132|3896|
1866|3166|4035|
1871|4290|4980|
1873|3919|10334|
1874|3114|6719|
1876|3587|7671|
1880|3239|4449|
1883|4661|7456|
1886|3037|7618|
1890|2985|5841|
1893|3299|9931|
1894|3449|4928|
1897|5161|10015|
1901|5288|5611|
1903|3354|8288|
1907|3210|5436|
1909|5051|8977|
1911|4267|6060|
1915|4552|4340|
1916|4692|10336|
1918|4873|6034|
1919|5088|7069|
1921|3861|5274|
1926|4555|7720|
1929|3147|7442|
1933|4998|4679|
1935|3808|3400|
1940|5505|4184|
1944|3615|4740|
1946|4659|6631|
1948|4755|6104|
1950|5267|10665|
1951|5162|4596|
1953|5115|4784|
1958|5612|4958|
1961|3294|9035|
1963|4210|4880|
1966|5355|4841|
1971|5413|5289|
1972|3742|8021|
1974|5564|7115|
1978|3852|10633|
1980|3607|7758|
1982|3961|10954|
1987|4622|7312|
1991|3613|9645|
1992|5609|10939|
1993|4851|5361|
1995|4214|4102|
1996|3250|10945|
1997|4342|4064|
1998|4988|5586|
2000|3018|9092|
2004|5215|9199|
2005|5623|6206|
2006|5605|6107|
2009|3431|7859|
2014|5465|10973|
2018|4819|5871|
2023|3621|10022|
2026|4394|5806|
2031|3082|4873|
2034|5432|3874|
2039|4269|9545|
2040|3558|6942|
2043|5173|5926|
2047|5423|6788|
2048|5584|8386|
2053|4694|8588|
2055|4266|7283|
2060|3244|7335|
2063|3592|4807|
2068|3301|8725|
2071|5279|5408|
2072|4137|7107|
2076|4193|5400|
2081|2998|3480|
2082|4803|5136|
2086|5091|10379|
2090|4666|6735|
2094|4241|9131|
2096|5421|4389|
2098|3960|9062|
2099|5221|8051|
2102|3386|7611|
2104|3864|8078|
2107|5345|5738|
2111|3106|3377|
2115|4158|7390|
2118|4535|5506|
2121|3335|3869|
2122|4261|4728|
2124|4758|4793|
2126|5680|8286|
2128|3939|4780|
2133|5645|6949|
2138|3751|9805|
2143|3243|5840|
2145|3333|6500|
2148|4987|6012|
2153|5578|4930|
2158|4811|6748|
2161|3866|5819|
2164|5380|10683|
2168|5123|9695|
2170|5225|8106|
2173|5231|8988|
2174|4981|10138|
2177|5145|8932|
2180|4607|5877|
2181|4232|7300|
2186|4242|7252|
2189|4061|10610|
2190|4495|8557|
2195|5456|3313|
2200|4280|9130|
2204|3756|3501|
2209|3065|7347|
2211|4547|7688|
2212|2983|4614|
2213|4751|3511|
2216|4222|7869|
2218|4924|9421|
2219|5294|4527|
2221|3241|3522|
2225|4200|4694|
2229|3065|4058|
2234|4154|8099|
2237|4187|5489|
2238|3140|7666|
2242|3105|9768|
2245|4360|10316|
2249|3154|8489|
2251|3313|10655|
2255|5655|5184|
2260|3731|9405|
2265|3165|8881|
2269|3037|10708|
2272|2953|4359|
2276|3798|5388|
2278|3644|7962|
2280|5595|7623|
2284|4388|8503|
2288|4015|4687|
2289|3167|9881|
2292|5277|7827|
2293|3709|5776|
2297|5068|10629|
2300|3950|4076|
2301|3163|3537|
2304|5361|5680|
2309|3033|3864|
2312|4584|10753|
2315|4543|10004|
2317|3680|9901|
2320|3613|8789|
2325|4610|7442|
2327|5469|10198|
2332|3368|8915|
2334|3387|6807|
2337|4178|5989|
2339|5500|3999|
2341|4298|10705|
2343|4504|8400|
2345|4873|5411|
2349|4165|4413|
2351|3237|4391|
2355|3465|4134|
2359|3891|10478|
2361|5256|9969|
2365|4210|6524|
2368|3083|5749|
2370|3269|9560|
2372|5484|4858|
2374|4405|8145|
2379|5079|10656|
2382|5307|3486|
2385|5697|10387|
2386|4519|5157|
2387|3748|7682|
2388|4835|9706|
2390|4775|7146|
2393|3984|8321|
2397|4876|9668|
2401|3273|8731|
2403|4207|7489|
2405|4152|6967|
2410|3844|4418|
2414|5637|5615|
2418|5658|10128|
2419|4064|6813|
2422|5332|4474|
2426|3064|9350|
2430|4010|6204|
2435|4771|3385|
2439|5034|5188|
2444|3910|5258|
2449|3175|9669|
2450|4108|7155|
2455|5518|8041|
2459|3298|4996|
2462|3581|7642|
2465|3574|4102|
2470|4041|3338|
2471|4476|7838|
2475|3864|4374|
2477|3295|5473|
2479|3218|6420|
2482|3129|6772|
2484|3600|7301|
2488|3142|6423|
2492|5532|5202|
2497|4596|8415|
2500|5443|5801|
2505|3568|9067|
2510|4522|3281|
2513|4802|7280|
2517|4267|6444|
2518|4281|9762|
2523|3219|9550|
2525|4211|9601|
2528|4481|10080|
2529|4416|9256|
2534|3936|8793|
2536|4560|3599|
2539|4676|6276|
2543|5190|10175|
2545|3899|10841|
2547|5696|5340|
2548|5187|10436|
2550|3657|3403|
2552|3328|6853|
2556|3626|5372|
2559|4898|9578|
2564|3908|8531|
2565|5603|10363|
2569|5124|10053|
2574|5215|6633|
2579|3563|10456|
2582|4044|6546|
2583|3429|4278|
2587|3028|7119|
2588|3786|4309|
2593|4664|4641|
2598|4202|6616|
2603|5376|8122|
2604|3980|8127|
2605|5014|3897|
2608|2989|3205|
2609|3498|7871|
2613|4457|8092|
2615|3305|9557|
2618|3871|9441|
2621|2929|8631|
2623|3107|7956|
2628|5559|8530|
2632|5607|3913|
2634|3051|4593|
2637|3396|7960|
2640|4426|5037|
2641|4944|8979|
2643|5089|4504|
2647|3483|9874|
2651|4159|3639|
2656|3328|10075|
2658|3367|9115|
2663|3945|6777|
2667|4831|5474|
2668|2958|8422|
2672|3901|6286|
2675|3045|9902|
2676|4383|5057|
2677|3412|4396|
2682|3060|9098|
2683|4218|4798|
2686|5006|10487|
2691|4294|4541|
2692|3893|9467|
2694|4075|4210|
2695|3148|6765|
2698|4582|5125|
2699|5126|6816|
2700|4921|10004|
2702|3361|9936|
2705|4499|10667|
2709|3725|4792|
2712|4404|11041|
2714|4989|6852|
2716|3671|8332|
2720|4449|9827|
2725|4873|9025|
2729|4912|9052|
2731|4347|8472|
2732|5415|9554|
2736|5378|7810|
2737|5558|3839|
2739|5039|7988|
2744|3244|7274|
2745|5705|9853|
2747|3855|10163|
2748|4442|10280|
2753|5064|7079|
2757|5667|3939|
2759|5131|10725|
2760|5287|5468|
2763|3246|6140|
2764|5302|4755|
2769|4930|10848|
2773|3195|9094|
2776|3567|7993|
2778|4873|6070|
2780|5418|7274|
2785|4288|5102|
2789|4610|9758|
2791|4862|6997|
2794|4847|9381|
2798|3478|8706|
2803|3663|7347|
2807|2983|10196|
2811|4337|8802|
2814|4705|8497|
2816|3740|9030|
2818|3264|8505|
2823|5699|9144|
2828|4796|3180|
2829|3700|7919|
2833|3320|11006|
2834|3663|7788|
2836|4573|8284|
2840|5088|3732|
2843|3142|10580|
2846|4999|8503|
2851|4402|3693|
2852|3800|5250|
2856|4897|9785|
2861|5440|6736|
2864|5626|4647|
2869|3753|3269|
2872|4827|7070|
2876|3989|6733|
2879|3768|5388|
2880|3666|6219|
2883|3517|3321|
2887|3056|10687|
2891|4500|3757|
2896|4495|3564|
2899|2938|5866|
2903|3945|4362|
2906|5436|10275|
2909|4439|5166|
2910|4579|7906|
2911|4311|3437|
2916|5446|4855|
2917|3720|6247|
2921|4865|10872|
2925|5089|9072|
2926|4519|9519|
2930|3790|3744|
2935|3279|5417|
2939|3007|9859|
2942|3794|10041|
2945|3035|5254|
2949|2934|9649|
2950|5556|7126|
2955|3241|5749|
2958|3433|7744|
2963|4688|7136|
2967|3234|6870|
2968|5322|7032|
2970|4177|5020|
2974|4811|10382|
2978|4648|5559|
2983|4115|8953|
2987|5193|10746|
2988|3978|10943|
2992|4712|5322|
2993|5515|7649|
2997|4818|8486|
2999|5483|10690|
3003|3525|9968|
3008|5630|4777|
3013|5352|8533|
3017|4399|5492|
3018|5710|5212|
3022|3519|7986|
3025|4678|6017|
3028|5330|8093|
3029|4584|9712|
3033|4604|5229|
3034|4281|6636|
3037|4452|9450|
3040|4743|9022|
3041|3077|7216|
3046|4267|7323|
3049|3675|5786|
3051|4472|9409|
3052|2996|3320|
3056|4584|8710|
3058|4855|7808|
3062|4037|3644|
3066|3559|6596|
3069|4128|8416|
3071|3256|9768|
3072|3526|9635|
3075|4862|9023|
3077|3620|7991|
3082|3050|9236|
3083|3083|4956|
3084|4960|7149|
3088|5217|10161|
3090|3107|8059|
3091|5015|4606|
3096|3236|8267|
3097|3632|8146|
3102|4329|9976|
3105|4834|6787|
3109|4951|3370|
3114|3580|9665|
3116|3315|4560|
3117|4754|10637|
3122|5213|8209|
3127|4749|3519|
3130|3426|6328|
3135|3758|9318|
3140|3841|7185|
3142|3795|6123|
3145|4068|4346|
3146|5449|4504|
3151|4373|3312|
3155|5416|8557|
3160|4948|4461|
3165|4981|8804|
3167|4740|3335|
3170|5130|6150|
3172|5532|9620|
3174|5188|4299|
3178|4816|4689|
3183|5481|7364|
3188|4745|3401|
3191|4139|3579|
3193|5344|8172|
3197|4017|4988|
3202|5125|9034|
3206|3205|9444|
3207|3581|7451|
3209|4006|9687|
3213|5396|7359|
3216|2924|9490|
3217|3703|6324|
3218|5029|7125|
3222|3623|5773|
3224|4191|11010|
3225|5011|10686|
3230|5536|5062|
3232|4765|3515|
3236|3790|4797|
3241|4302|7659|
3244|3313|5097|
3249|5191|3134|
3251|5206|9240|
3252|2993|8336|
3257|5547|7094|
3258|3871|9627|
3263|5640|9253|
3266|5061|5009|
3271|4035|6014|
3276|3387|4374|
3280|3564|3901|
3283|3953|7518|
3284|5310|9404|
3289|3149|9835|
3294|4529|9754|
3297|5106|9128|
3301|3630|6560|
3306|5104|8866|
3311|5255|8403|
3315|3070|4025|
3318|5511|7964|
3322|5446|7093|
3323|5370|9258|
3325|4479|10972|
3330|5451|5232|
3334|4555|10879|
3339|5484|6105|
3343|3862|4594|
3346|4879|9943|
3349|3597|8507|
3350|4152|5905|
3351|3129|7917|
3353|3678|4766|
3356|5208|7850|
3358|5459|9652|
3359|4283|5289|
3363|4157|10168|
3368|3389|4290|
3369|4444|3760|
3372|2978|7925|
3375|4163|5299|
3379|4167|9070|
3384|2905|4047|
3389|3387|9268|
3390|3277|6910|
3391|5096|8246|
3396|4869|7524|
3398|4410|4058|
3401|4128|6507|
3402|4841|4482|
3405|5484|9721|
3409|3538|6396|
3411|4973|6493|
3413|4575|5822|
3416|3843|4247|
3418|5431|8130|
3423|3130|7729|
3426|2931|7667|
3427|2930|7114|
3428|3528|10375|
3431|3978|7801|
3436|4372|9579|
3437|4377|5511|
3441|3768|9747|
3446|3997|4702|
3449|3731|6653|
3451|3794|6598|
3452|4965|7745|
3453|4198|10189|
3457|3650|10658|
3462|3203|4461|
3465|2947|7843|
3467|4037|4945|
3468|4998|10919|
3473|4160|3968|
3474|4003|10285|
3479|5357|9799|
3480|3868|6769|
3482|3514|10407|
3487|5008|10067|
3491|5185|6680|
3495|3739|3276|
3498|4731|6314|
3501|5701|6063|
3503|3155|7278|
3506|5256|4700|
3508|3297|10499|
3513|5452|6908|
3517|3880|8627|
3519|3605|6773|
3522|4466|10706|
3526|5288|9478|
3530|4193|6093|
3531|3576|7963|
3533|4552|8901|
3534|3453|6217|
3537|5452|4293|
3539|3344|4154|
3541|3992|5517|
3542|4409|5797|
3547|3872|6494|
3548|3527|8770|
3550|4141|4897|
3553|3191|5662|
3555|3374|3713|
3557|4762|5219|
3561|3329|7554|
3562|3519|8647|
3564|5594|4964|
3567|3727|7116|
3572|5058|6621|
3577|3233|4833|
3579|3396|9545|
3583|3198|5909|
3585|3837|3195|
3588|3771|9205|
3592|5518|3523|
3596|4284|10638|
3598|5310|9895|
3599|3336|4821|
3602|5661|6535|
3603|5258|7560|
3605|5492|10586|
3608|3963|5387|
3612|3675|5919|
3617|4047|8794|
3621|3724|10352|
3624|3916|8046|
3626|5333|7472|
3630|3262|8662|
3635|2950|4547|
3639|5073|5372|
3642|5357|6464|
3645|4318|5237|
3649|5634|8535|
3654|4164|10042|
3655|4807|6519|
3660|3580|4273|
3663|3436|9133|
3666|2965|10819|
3671|3253|10202|
3673|3693|4495|
3675|5197|7475|
3680|3961|9662|
3681|4827|8623|
3685|5139|3637|
3689|4227|8624|
3692|3382|9257|
3694|5015|9367|
3698|4664|3887|
3702|5380|8848|
3706|3716|3943|
3710|4843|5357|
3713|5353|4155|
3718|5004|8746|
3723|5045|4548|
3728|4541|5040|
3732|5232|11016|
3734|4279|7816|
3738|4108|4763|
3739|2946|6153|
3744|4825|10901|
3746|4292|8807|
3748|4501|10687|
3749|5133|4460|
3751|2968|5598|
3755|3006|6165|
3757|4911|7805|
3760|5068|7793|
3763|4016|10066|
3767|4717|4384|
3769|5232|5020|
3772|3222|4119|
3773|5383|5556|
3777|3989|10175|
3782|5337|6481|
3783|4439|7765|
3788|3613|3601|
3792|5536|5977|
3795|5062|8992|
3800|3036|8133|
3803|5561|7728|
3807|4004|5027|
3811|3282|5502|
3814|3674|6463|
3815|5358|4679|
3818|5607|8003|
3819|5171|7129|
3823|3200|9481|
3827|4813|6408|
3829|3232|10895|
3834|3359|11012|
3837|5640|9508|
3840|2960|4279|
3842|3029|8353|
3847|5292|5311|
3852|3287|10652|
3855|4751|5780|
3859|4476|9362|
3864|5444|7232|
3867|5381|6456|
3872|5539|7381|
3874|3747|4728|
3875|5249|5439|
3880|5547|8005|
3885|4497|4083|
3890|5573|8303|
3895|3010|6127|
3898|2941|4581|
3902|5363|7399|
3905|5214|6903|
3908|3436|6981|
3911|4097|10211|
3916|5623|6420|
3921|5309|8845|
3926|5372|7191|
3928|3872|5198|
3931|4470|6148|
3933|3673|11015|
3936|4766|10587|
3941|4757|6466|
3942|4152|8159|
3945|5637|4905|
3948|4992|6568|
3952|3860|6910|
3953|5093|3401|
3957|4386|10522|
3962|5625|10013|
3963|4089|8557|
3964|3325|10843|
3968|5168|7551|
3970|3755|5239|
3975|4625|9193|
3977|3264|9785|
3980|3917|9821|
3985|3715|3836|
3990|3152|6879|
3995|3156|5788|
3997|3004|10672|
3999|4013|10928|
4000|4370|5181|
4002|3838|9709|
4005|5022|7321|
4010|3158|8186|
4015|5623|3504|
4019|4282|9158|
4021|5556|8186|
4025|3860|3502|
4027|3839|8596|
4032|3529|8265|
4034|3692|3604|
4038|5121|9203|
4041|3099|3714|
4043|5202|10790|
4045|3955|10385|
4050|3099|6501|
4053|3891|7549|
4055|2956|8401|
4060|3349|5686|
4064|3187|5347|
4065|5393|5773|
4066|4869|4174|
4070|4135|10640|
4074|3100|7835|
4078|3245|3162|
4081|4951|5372|
4082|3373|9692|
4084|4436|6083|
4088|3271|5754|
4093|5359|7383|
4094|3917|9372|
4098|4330|7941|
4101|3067|10556|
4106|4467|3544|
4110|5280|9292|
4111|3181|6568|
4113|3605|3902|
4114|5698|5952|
4119|4685|7813|
4120|5317|10489|
4124|4009|10345|
4127|5303|5298|
4131|3637|5455|
4135|4048|10087|
4136|3967|7883|
4140|3157|8059|
4141|3583|10533|
4144|5270|9909|
4149|5695|10088|
4152|5426|8138|
4156|5642|5206|
4158|3898|6487|
4161|3344|10872|
4165|4502|7402|
4166|4755|3887|
4167|3516|5207|
4172|5406|3922|
4176|3790|8901|
4179|3868|6316|
4183|4965|6474|
4187|3146|3779|
4188|3160|9114|
4190|3399|5983|
4194|3134|5367|
4198|5021|5448|
4202|5400|6721|
4203|3128|7496|
4204|3132|9232|
4208|5194|6086|
4213|4758|3420|
4215|4067|4691|
4216|3999|10062|
4218|4762|3913|
4223|5087|9380|
4227|5154|5743|
4232|3021|8307|
4235|4311|7157|
4238|4266|8934|
4243|3518|8106|
4247|4979|6531|
4248|3973|7845|
4250|5172|7337|
4252|5209|3921|
4254|3974|7096|
4255|3980|7011|
4260|4092|5644|
4263|4964|8599|
4265|3325|4574|
4269|4217|9767|
4274|5702|8325|
4278|3183|6820|
4280|4135|8295|
4285|4753|6230|
4286|3685|6265|
4287|5535|8398|
4292|4032|6963|
4296|5628|9139|
4298|3699|4939|
4299|3662|7684|
4304|4974|4825|
4309|5663|6089|
4312|2929|7444|
4315|3845|6012|
4319|5172|6605|
4322|3971|10573|
4326|4634|6645|
4327|4556|8464|
4329|4161|9392|
4331|4818|9893|
4334|3860|9188|
4335|3150|10354|
4339|3945|9318|
4341|4708|7008|
4343|2954|5026|
4348|5262|8946|
4350|3630|3752|
4353|4096|3642|
4358|2963|9289|
4362|3650|10181|
4365|3939|7960|
4366|4134|9174|
4371|4587|10591|
4372|3184|5682|
4374|4175|7026|
4377|3191|9530|
4381|3277|9695|
4382|5637|3769|
4383|4786|10652|
4387|5453|6818|
4390|5181|8446|
4394|3968|7252|
4396|4213|10248|
4399|5164|9070|
4401|5327|7718|
4403|2956|8472|
4406|3780|10343|
4411|3460|10642|
4415|4519|6615|
4420|5600|8585|
4421|4392|8706|
4422|4268|7916|
4427|5649|9538|
4432|4756|10714|
4435|3088|10624|
4436|5583|10447|
4441|5333|7704|
4446|4540|10167|
4451|2934|9475|
4456|3428|8921|
4460|3830|6663|
4464|2924|4784|
4468|5053|5735|
4469|4872|8696|
4470|4701|4472|
4475|3999|7986|
4476|3669|5296|
4478|3612|9206|
4481|3623|4025|
4486|5262|9077|
4488|3687|7835|
4490|3212|4097|
4494|3587|8244|
4497|5347|5497|
4500|3251|6404|
4501|5222|8951|
4506|5516|4922|
4508|5005|6087|
4510|5674|4757|
4515|3990|5523|
4520|4301|4751|
4521|3491|9610|
4526|5554|3309|
4531|4187|9020|
4534|4553|4694|
4538|3127|4849|
4539|4952|3913|
4543|3042|7169|
4548|3476|9793|
4553|3350|7397|
4555|4730|5581|
4559|3965|9716|
4562|5028|6687|
4565|4024|5030|
4570|4774|4631|
4572|4171|10887|
4574|3242|4939|
4576|4393|9047|
4581|4494|8657|
4584|3919|3533|
4585|3776|5060|
4589|4831|9229|
4594|5542|9525|
4599|4822|10653|
4601|4321|3305|
4605|3849|7109|
4608|3649|8064|
4613|5484|5486|
4618|3070|9376|
4623|3665|10873|
4626|3059|8017|
4631|5564|10289|
4633|3556|8894|
4636|3835|10151|
4639|5549|7035|
4644|3844|4513|
4648|4768|9830|
4653|5652|7904|
4656|3193|9374|
4658|3857|8260|
4662|3195|10905|
4664|5153|6869|
4669|4275|9029|
4673|3984|5227|
4678|2944|4497|
4680|2927|10050|
4684|4733|7558|
4688|3312|5397|
4692|5493|9297|
4696|4160|9352|
4698|4570|3250|
4700|2934|6749|
4704|3414|6120|
4706|4081|4098|
4707|3166|7130|
4711|4162|7758|
4712|4825|4765|
4715|5447|4136|
4718|4153|3850|
4719|4421|8643|
4723|4499|8681|
4728|3652|9380|
4729|5366|5117|
4731|5527|10678|
4735|2954|8936|
4740|5194|6939|
4741|4361|4119|
4746|2974|5557|
4751|5116|5210|
4754|5249|6659|
4758|4433|10285|
4759|3768|5987|
4761|4977|5249|
4762|5342|7381|
4765|3106|6774|
4768|5543|3930|
4770|3555|4227|
4775|3667|7583|
4778|5268|4922|
4779|4735|4899|
4781|4385|8558|
4782|5603|5004|
4785|3636|10642|
4786|3021|8290|
4788|5509|6761|
4792|3753|6459|
4794|3654|6243|
4799|4482|9837|
4801|5113|5484|
4805|4771|6206|
4809|3146|9855|
4810|3818|9276|
4815|5680|7233|
4818|4390|6382|
4819|4473|7148|
4821|3001|4764|
4824|3604|10120|
4827|2962|7094|
4830|5714|5501|
4833|2960|9863|
4834|3733|10478|
4838|5603|3201|
4842|2932|7703|
4843|4713|3879|
4846|5185|7108|
4849|4342|4926|
4852|4596|5951|
4854|4313|5264|
4855|5058|6990|
4860|4139|3860|
4864|4058|10829|
4866|3753|9651|
4871|4489|6385|
4875|5075|7915|
4878|3549|5551|
4881|3941|9988|
4882|3824|7289|
4884|2999|6697|
4887|3799|4385|
4889|5496|7332|
4893|4711|8454|
4896|4231|3231|
4899|4917|10017|
4901|4380|5943|
4903|5571|6246|
4907|5601|10635|
4909|2980|9535|
4911|4531|9721|
4913|4028|10864|
4915|5312|10252|
4919|5369|10569|
4923|5167|9242|
4927|3535|7703|
4930|3014|5241|
4931|4329|7935|
4936|3810|10592|
4937|5187|5404|
4941|4959|8983|
4946|3048|10959|
4950|5421|7836|
4952|4046|4550|
4954|5112|4009|
4959|3461|6148|
4961|4671|10889|
4965|3607|7134|
4968|3142|3364|
4973|4355|6882|
4976|4028|4850|
4981|4966|8915|
4985|2911|10107|
4989|3551|4032|
4993|5442|6436|
4994|5363|4062|
4995|5561|3731|
5000|3144|10864|
5005|3471|9044|
5007|4727|3188|
5008|5551|4544|
5010|4768|8353|
5011|5436|5750|
5012|3030|3225|
5017|3246|5852|
5020|4883|8140|
5021|4707|6991|
5023|4553|5991|
5028|4981|8725|
5031|2922|9677|
5032|4197|6657|
5033|3610|7791|
5037|3282|4415|
5041|3719|7711|
5046|4153|3646|
5051|3606|3280|
5055|3646|9991|
5060|4845|8727|
5063|5300|6020|
5068|5001|7135|
5069|4417|7625|
5073|3848|3886|
5077|5155|4216|
5080|3079|8181|
5081|5573|11037|
5085|4929|8347|
5089|3557|3695|
5091|4159|9830|
5095|4132|9372|
5099|4522|8249|
5100|5158|8827|
5101|4510|7297|
5103|4477|9065|
5107|5668|4209|
5108|5197|3303|
5111|4971|7223|
5114|4140|8928|
5119|5042|4354|
5121|3350|8043|
5126|4635|10324|
5130|4344|5361|
5132|4374|10657|
5134|2987|9153|
5137|3467|7381|
5142|2982|10559|
5147|4699|9270|
5149|3268|10496|
5153|3434|4546|
5156|5710|7378|
5160|3846|3889|
5164|5501|3188|
5166|4090|8503|
5171|4324|6844|
5176|3581|5441|
5181|5278|9021|
5186|4761|6472|
5189|2995|6216|
5190|3342|8577|
5195|4260|4077|
5196|4409|10891|
5198|5056|10662|
5201|4891|8583|
5204|5108|9104|
5206|3084|6240|
5209|5078|3169|
5213|5487|6491|
5214|3743|5144|
5215|5223|3967|
5217|3755|3398|
5222|4595|3796|
5226|4494|5540|
5229|4392|6951|
5234|3510|10616|
5239|4311|9844|
5244|3985|7305|
5245|3453|3216|
5248|3229|7816|
5249|3902|8726|
5250|3260|5847|
5251|3645|9421|
5255|3275|8055|
5260|4419|6586|
5265|5007|4467|
5270|4932|4049|
5273|3596|6670|
5274|4638|5492|
5275|3513|10050|
5278|4067|10888|
5281|5167|3987|
5283|3118|3229|
5285|4349|5169|
5290|5669|8715|
5293|5400|10662|
5298|5070|5905|
5300|3185|10367|
5305|4354|6431|
5310|5358|6065|
5315|5270|9785|
5319|5487|3979|
5321|5078|10754|
5324|4578|9255|
5325|3404|6149|
5329|4272|5314|
5333|3938|8000|
5338|3678|9213|
5343|3453|7857|
5347|4941|3848|
5350|4063|4337|
5352|4902|9477|
5354|3249|5173|
5359|5549|7744|
5360|5470|4592|
5362|3602|6564|
5367|3195|10592|
5372|4438|3948|
5374|4010|7852|
5375|4350|7231|
5380|5398|8544|
5382|4451|5573|
5387|3386|4212|
5391|3494|3917|
5393|3596|9711|
5394|5209|8636|
5398|5395|9554|
5401|5502|3879|
5404|5059|3685|
5409|3000|6294|
5411|3967|7960|
5412|3831|5308|
5415|5472|7882|
5419|5435|9513|
5421|4100|9274|
5424|5190|3635|
5426|4934|7138|
5429|4625|8554|
5432|4038|5016|
5436|4115|8909|
5441|4999|10768|
5442|4719|5401|
5443|4908|8102|
5444|5263|6088|
5448|4637|10304|
5452|3837|9129|
5457|5519|7223|
5459|4915|3498|
5463|3740|3686|
5464|5617|5362|
5467|5710|5585|
5469|3996|6636|
5474|4761|10462|
5475|5084|8641|
5479|3074|4741|
5482|3989|7549|
5484|3555|7273|
5486|4721|5652|
5490|3089|4921|
5495|4590|5409|
5500|5272|6198|
5504|4409|3364|
5509|5555|7485|
5510|3899|7096|
5514|5325|5108|
5516|5610|10295|
5519|5628|3856|
5522|4514|6927|
5525|3333|6882|
5528|3743|10668|
5533|4499|8504|
5535|5371|5989|
5536|4793|9737|
5539|4026|8027|
5543|5158|7149|
5546|4567|8967|
5551|3482|5792|
5555|3318|7751|
5560|5363|10378|
5562|3754|7182|
5564|4921|9313|
5566|4425|6469|
5568|5053|6458|
5572|3077|9294|
5576|2929|10098|
5580|4409|3691|
5583|3274|4039|
5586|2908|5613|
5588|5155|6054|
5593|5532|5752|
5595|3055|9434|
5597|4215|10359|
5602|4727|3461|
5606|3497|8204|
5607|4255|6768|
5611|4848|5124|
5614|5438|6460|
5616|3173|9676|
5621|5154|6011|
5623|2980|3808|
5625|4153|3288|
5629|4478|8090|
5630|5396|8635|
5631|3808|5717|
5635|5270|8953|
5639|5584|4433|
5643|4206|10173|
5645|4806|10469|
5649|2923|9213|
5652|3126|7085|
5657|5016|4399|
5661|3961|5905|
5665|4045|4842|
5669|3235|6426|
5672|4932|5904|
5677|4348|3252|
5678|5626|4966|
5683|5306|7697|
5685|5701|4594|
5689|4702|3578|
5692|5273|5627|
5697|3824|9618|
5699|3109|3759|
5700|4716|6598|
5704|4929|10595|
5706|3694|9501|
5711|4427|10872|
5715|4069|8168|
5719|5273|5155|
5720|3333|4034|
5722|4249|4460|
5726|4075|5013|
5729|4404|8834|
5732|3100|7943|
5733|3512|11030|
5735|4989|9489|
5738|4860|9635|
5741|3992|4808|
5743|5010|7768|
5747|4255|6162|
5748|3923|4549|
5749|4453|9363|
5750|4319|8525|
5755|3316|7360|
5759|4178|10882|
5762|3183|7363|
5765|5634|10686|
5768|5415|4982|
5773|4371|3787|
5777|3439|10826|
5778|4335|10586|
5779|4359|10459|
5783|5138|4736|
5785|4531|4060|
5788|5499|9859|
5791|4113|9242|
5792|3634|8468|
5795|4877|8199|
5798|4085|5540|
5803|3509|6355|
5804|3403|9649|
5806|3159|3760|
5809|3731|5325|
5810|4241|4847|
5812|3882|10402|
5814|4901|4114|
5819|3532|10067|
5824|4463|7723|
5828|3252|3258|
5833|3159|5622|
5837|3274|6420|
5841|5147|4207|
5842|3521|10875|
5847|3940|4956|
5850|3000|7392|
5853|4873|5247|
5856|3710|5620|
5858|3276|6417|
5863|3252|7294|
5864|5623|8253|
5867|5089|8206|
5870|4232|3500|
5872|4863|5824|
5875|3816|5779|
5877|3919|6785|
5881|5421|10369|
5883|4506|4579|
5887|5266|7077|
5888|5574|5686|
5889|4371|10156|
5892|3477|10039|
5894|3920|6903|
5897|3623|9345|
5900|4088|3215|
5904|4833|4616|
5909|3791|7718|
5912|3308|6095|
5913|3746|7208|
5915|3616|9988|
5920|4909|7418|
5925|5252|7300|
5928|2947|7184|
5933|5628|4748|
5937|3282|9381|
5938|3946|3516|
5941|5318|10260|
5944|3387|3687|
5947|5692|8181|
5948|3502|7224|
5953|4151|5096|
5956|3370|3982|
5960|5544|7388|
5962|3727|4769|
5964|5067|10965|
5969|3637|8030|
5971|4407|4253|
5973|4020|4397|
5975|5555|3728|
5979|5280|8576|
5981|4566|3212|
5984|3561|6424|
5989|3373|5800|
5992|4802|10360|
5997|5627|4265|
5999|5412|9864|
6002|4108|7341|
6003|5181|5110|
6007|4796|10601|
6008|5257|7067|
6009|5039|8934|
6012|3194|5536|
6013|4089|5558|
6016|4187|9857|
6019|3872|4065|
6024|3756|5662|
6027|3229|10260|
6030|3675|7630|
6035|3002|8158|
6037|3868|7442|
6041|5047|6863|
6042|4900|4639|
6047|4833|6639|
6050|4151|8008|
6051|4394|5098|
6056|5271|9576|
6057|4920|7323|
6062|4441|5491|
6065|2996|6074|
6070|5311|5814|
6075|3791|4770|
6080|4861|5733|
6084|3941|10397|
6089|4813|9024|
6092|4426|5041|
6097|4700|4132|
6098|3369|6585|
6099|5069|7561|
6102|5132|10020|
6105|3941|9273|
6106|3821|5723|
6107|4972|9917|
6108|3152|9848|
6110|5369|6194|
6115|4253|10227|
6118|5247|7124|
6119|3416|9679|
6121|3686|9886|
6122|4039|3603|
6123|3462|7882|
6126|5046|10932|
6128|5377|9843|
6132|3136|8866|
6133|4020|9892|
6134|5000|8212|
6137|4759|10509|
6141|4419|10587|
6145|5246|5390|
6148|4763|3248|
6151|2981|6508|
6152|5512|5375|
6155|4337|6495|
6159|3253|8765|
6160|4088|4588|
6161|4781|9737|
6166|3563|7004|
6168|3265|4338|
6170|3309|10965|
6171|3428|9567|
6173|3981|7723|
6177|4776|5696|
6180|3398|6755|
6182|4737|9304|
6184|5508|9162|
6187|5228|5810|
6188|4023|5254|
6189|3856|10602|
6192|5342|8998|
6197|3673|7145|
6200|3177|3763|
6202|4057|6576|
6203|5354|6430|
6207|5169|8336|
6211|3884|7208|
6214|3913|7641|
6218|2923|6780|
6220|3891|3448|
6223|5026|8887|
6225|5190|8523|
6230|4248|9155|
6234|2992|9828|
6238|4346|3815|
6239|4885|5892|
6244|3031|4671|
6249|5607|3560|
6253|5357|6137|
6258|5657|7701|
6262|3357|10489|
6266|3431|5135|
6271|5653|9739|
6273|2953|8988|
6277|5561|5214|
6282|5508|9483|
6284|4287|8595|
6289|5442|9905|
6293|3768|8332|
6295|3445|10795|
6297|4567|4323|
6301|3838|10342|
6304|5478|6629|
6306|5423|6347|
6311|4643|9385|
6312|4355|4239|
6314|4685|7952|
6315|3642|10150|
6319|5056|4083|
6324|4678|6771|
6326|4340|7134|
6327|5654|9029|
6329|5402|7717|
6332|3043|3178|
6333|3720|9292|
6335|4986|5905|
6340|4009|10668|
6341|3938|6450|
6345|4529|3929|
6347|5561|4254|
6351|4219|6476|
6352|3415|8932|
6356|5136|5027|
6361|3175|8835|
6366|3058|7188|
6370|5409|10209|
6372|4570|8041|
6376|5081|10858|
6378|5268|7468|
6382|3004|6352|
6387|3501|4855|
6388|3504|3786|
6389|4471|8769|
6393|5712|4420|
6397|4036|7835|
6402|4206|9871|
6403|3699|10682|
6408|5121|3289|
6411|5614|9187|
6414|4557|6806|
6418|5024|8484|
6419|3853|6924|
6422|4489|10081|
6424|3672|11027|
6429|3798|10396|
6431|4313|7150|
6433|4620|3352|
6434|5247|5948|
6436|4866|5220|
6439|3544|7310|
6442|3030|7398|
6447|2943|3752|
6452|5572|5011|
6457|4931|9422|
6460|3621|5182|
6464|3050|7800|
6465|5493|3765|
6470|3511|7341|
6472|5254|7933|
6473|5550|4629|
6478|4229|4673|
6480|4541|4010|
6481|4123|9193|
6483|4209|10146|
6486|4384|8999|
6490|4964|9715|
6495|5061|8872|
6498|3005|8299|
6503|4100|7150|
6505|4019|7410|
6508|5460|7976|
6511|4095|5849|
6513|3055|8303|
6517|3428|4619|
6518|5402|7194|
6520|5653|6938|
6522|3520|3821|
6523|4100|6107|
6526|3260|3916|
6530|5555|7501|
6533|3924|9433|
6534|4264|7690|
6537|4987|9287|
6539|3187|10775|
6543|5404|10727|
6546|5613|9283|
6549|2991|6757|
6552|3543|8608|
6553|5481|5999|
6558|3649|5064|
6560|5457|5454|
6563|3967|4105|
6567|3806|5591|
6572|3115|3188|
6575|4443|3627|
6578|5373|9024|
6582|5284|5028|
6583|4861|9429|
6585|3616|6401|
6587|3257|9794|
6590|3589|9216|
6591|5672|6514|
6594|3369|9852|
6595|4836|10668|
6600|3570|8889|
6603|4075|3635|
6608|2925|11043|
6611|3600|10578|
6615|3296|8278|
6619|4571|8197|
6624|5466|7889|
6625|5616|10758|
6630|4544|4202|
6635|3430|5703|
6640|4971|8925|
6645|5688|6178|
6650|5310|8000|
6651|3477|10324|
6652|3259|8194|
6653|3635|9095|
6658|5513|4930|
6661|3452|6554|
6663|5296|5473|
6666|5506|4200|
6668|5321|10933|
6672|5703|5077|
6673|4655|7990|
6678|4380|5875|
6679|2940|8293|
6683|4536|4224|
6686|5008|6763|
6689|4947|9834|
6692|3565|6592|
6697|5043|11034|
6701|4258|9678|
6702|4481|10759|
6706|5282|3363|
6711|3450|10809|
6715|4704|9923|
6717|3334|6621|
6721|4696|3186|
6723|4052|7926|
6725|3745|7959|
6730|3321|10833|
6733|4384|10228|
6734|4948|6669|
6738|5274|10418|
6743|3499|5421|
6748|3466|9936|
6751|5215|6795|
6755|5560|6854|
6758|5588|6858|
6760|4866|7639|
6765|3284|3692|
6767|5668|8319|
6768|3601|8406|
6769|4041|7494|
6772|5542|5527|
6773|4925|9531|
6774|3782|6017|
6775|4872|10113|
6778|3790|10909|
6782|3085|3983|
6786|3727|8737|
6791|5054|5075|
6794|2906|8445|
6798|3003|3514|
6803|5336|7293|
6804|4725|9317|
6809|4797|10791|
6812|4469|3548|
6816|5430|3452|
6821|4851|5224|
6822|3492|6643|
6824|5432|6593|
6828|3383|3705|
6833|3468|6659|
6835|3430|7868|
6840|4352|3208|
6844|4688|6610|
6845|4280|6413|
6849|3557|3663|
6850|4640|3754|
6855|5419|7690|
6859|4840|9426|
6861|3891|6471|
6865|3695|4914|
6870|4354|10243|
6875|3061|8886|
6876|4838|9638|
6881|4465|9666|
6883|2919|8197|
6884|4107|6103|
6889|3217|9414|
6892|4756|4866|
6893|4757|10970|
6898|5075|6280|
6899|3528|4850|
6904|4416|7436|
6905|4671|8515|
6910|3883|5594|
6911|3272|3962|
6913|4699|3742|
6917|5662|4714|
6921|4175|3606|
6923|3446|3232|
6927|5169|10324|
6928|4826|3657|
6933|3104|9461|
6936|4468|3771|
6940|3476|5061|
6942|3974|8071|
6944|3925|3326|
6948|5083|3935|
6953|3458|6980|
6954|3203|7336|
6955|3616|7823|
6958|4240|10888|
6962|4556|3778|
6964|5648|7604|
6968|5042|10998|
6972|5711|4421|
6973|3089|10795|
6975|3329|5333|
6976|3591|5952|
6978|5713|9675|
6983|3118|7951|
6988|3363|9599|
6992|5234|3168|
6993|4229|8249|
6996|3029|4875|
6997|4089|7293|
6999|5407|3275|
7002|4960|6872|
7006|5339|3477|
7011|2932|7067|
7012|4246|3330|
7014|4470|9375|
7018|4903|10524|
7019|5182|4119|
7023|4986|5870|
7027|5184|10340|
7030|4923|9841|
7032|4393|8976|
7035|4293|9068|
7037|3444|5432|
7038|5423|8916|
7040|5052|5945|
7045|5100|8928|
7046|2962|5815|
7048|5000|8270|
7051|3627|5305|
7056|3153|10007|
7061|4514|5478|
7062|5617|10142|
7065|4970|9482|
7068|3005|10543|
7073|3859|4174|
7078|4178|4990|
7079|4080|4001|
7082|4714|4476|
7083|5150|9949|
7084|4202|3158|
7087|4946|10472|
7092|3708|6794|
7097|5587|3335|
7098|3797|4707|
7102|5516|8043|
7105|4858|7805|
7109|5449|5002|
7111|3621|8133|
7115|4163|8090|
7118|3806|7661|
7121|5101|4528|
7123|4402|4350|
7127|5238|7183|
7129|5243|3767|
7130|3462|9836|
7135|3573|8653|
7139|4923|10394|
7142|4390|3237|
7147|4128|4796|
7150|5570|6842|
7152|4542|8983|
7157|5596|10835|
7159|3063|7276|
7164|4586|5281|
7166|3734|7507|
7170|4222|8768|
7174|3987|3276|
7178|4752|5924|
7181|2955|6724|
7183|3543|5358|
7188|2987|9256|
7190|3118|3930|
7193|4795|4654|
7197|5483|7497|
7201|4503|6565|
7206|3571|6882|
7209|4595|5344|
7214|4715|3478|
7218|3624|5008|
7223|5314|5986|
7226|5302|4728|
7229|4512|10694|
7231|3040|7366|
7235|3645|9407|
7239|2918|6205|
7242|3469|3162|
7246|5347|3340|
7248|4000|8539|
7249|4296|8832|
7250|3501|3795|
7252|3029|4769|
7255|3924|9173|
7257|3009|10120|
7258|3622|5025|
7263|4036|4080|
7264|4332|6111|
7265|4058|10968|
7268|4788|6927|
7272|5598|3870|
7274|3519|10217|
7276|4208|4982|
7279|5591|8436|
7283|5675|3801|
7287|4291|3815|
7292|3471|5931|
7296|5391|7100|
7299|3562|5494|
7300|4681|6022|
7302|4305|6932|
7307|4925|5978|
7310|2996|6850|
7311|3958|10029|
7316|5200|5698|
7319|3184|9306|
7320|4992|8026|
7322|3833|3273|
7324|3856|5493|
7327|5183|7648|
7330|3782|5962|
7331|3593|4979|
7332|4017|7243|
7336|4830|5918|
7338|4904|4766|
7342|3462|10923|
7347|4711|9576|
7350|5114|6724|
7354|4510|10658|
7359|5665|10194|
7361|3039|7856|
7362|3852|10551|
7367|4215|7012|
7371|4534|4720|
7373|3241|7749|
7378|4006|9185|
7381|3446|7212|
7386|4149|8510|
7391|4892|10753|
7392|4841|3964|
7393|3347|5845|
7396|5070|6004|
7400|4836|9092|
7405|4948|9878|
7407|4120|7520|
7410|3043|9654|
7414|4202|8571|
7416|4197|4394|
7418|4066|6197|
7419|5275|8795|
7422|4945|5625|
7427|3966|10697|
7431|3766|9337|
7436|4800|4473|
7441|3107|8185|
7444|5385|8992|
7449|4891|7256|
7452|3351|5257|
7457|4055|6723|
7461|4677|8483|
7465|5669|3248|
7468|4757|5475|
7470|5161|6704|
7472|4657|8945|
7476|4380|4468|
7477|3569|10224|
7480|3690|10141|
7481|4782|8944|
7483|3007|7861|
7484|4221|3620|
7489|4644|8697|
7493|3238|8439|
7494|3883|4531|
7498|4752|3611|
7502|4395|3453|
7503|5666|7880|
7505|5115|8574|
7510|3111|9700|
7513|3698|3291|
7516|4813|4049|
7520|5434|10039|
7523|4494|6065|
7524|3843|6790|
7528|5301|9363|
7532|2922|4710|
7534|3212|6403|
7537|3592|9335|
7540|3230|7743|
7545|4154|8946|
7549|4132|3339|
7553|3951|6987|
7554|4544|10945|
7558|2958|6087|
7563|4737|3453|
7568|3578|7626|
7570|3935|3644|
7571|5412|9808|
7572|4823|8925|
7577|3379|7896|
7579|3320|5455|
7581|5311|4321|
7584|4001|10632|
7585|4551|8144|
7586|3534|9457|
7589|4928|4374|
7594|3823|5649|
7596|3397|10079|
7599|5598|7044|
7601|4321|8818|
7602|4649|10405|
7605|3448|6531|
7608|5387|9726|
7609|5182|5442|
7614|3735|10746|
7616|4077|6906|
7617|2939|9028|
7618|3997|4566|
7620|3510|5457|
7625|4157|7543|
7628|4601|6617|
7632|5563|7820|
7637|4487|9757|
7641|4213|4972|
7642|5401|4539|
7647|3088|9975|
7650|3683|6617|
7652|4189|5418|
7653|5061|5889|
7654|4174|5095|
7659|3076|8954|
7661|4826|6147|
7664|4643|7470|
7665|5293|10146|
7670|4535|8110|
7672|4682|5029|
7676|3540|6953|
7678|3324|9189|
7681|3998|9960|
7683|3147|10045|
7688|2952|9477|
7693|4224|10564|
7697|4189|5589|
7701|4305|6062|
7704|3317|3742|
7708|3051|6105|
7712|4396|5880|
7715|3613|9438|
7718|5692|6787|
7719|3233|5719|
7724|4523|7713|
7728|4174|3922|
7729|3237|8601|
7730|5109|7977|
7733|5289|4916|
7737|3922|5370|
7741|4964|5720|
7742|4789|9279|
7745|4963|6427|
7748|4281|10794|
7751|5227|3154|
7755|3576|10322|
7759|4623|7310|
7760|4799|3395|
7761|5487|10222|
7765|4473|5601|
7770|4946|7093|
7774|4540|3890|
7776|4850|9001|
7781|5409|6583|
7783|4527|6280|
7785|4529|7633|
7788|4390|5435|
7791|4375|5359|
7796|5560|6145|
7799|2936|4960|
7804|3410|8033|
7806|4464|10415|
7809|3426|10880|
7814|4492|9633|
7816|4298|10589|
7819|3596|4794|
7821|3964|8932|
7824|4470|11048|
7826|3534|3898|
7827|3438|8907|
7832|5298|7756|
7836|4530|9202|
7840|3895|7752|
7843|4165|8635|
7848|5280|8591|
7853|5543|5069|
7857|3360|7463|
7860|3869|6247|
7864|4558|10564|
7866|3498|5274|
7870|4385|10577|
7871|3270|4695|
7873|4724|3987|
7877|3562|8937|
7881|4351|10765|
7886|3103|6962|
7890|4472|10863|
7893|4697|9880|
7896|3431|4582|
7897|4378|5214|
7900|4994|6551|
7901|3428|6077|
7904|4709|4096|
7908|3127|3731|
7909|3236|8300|
7914|4911|3598|
7915|3383|5603|
7920|4250|3760|
7921|5006|4568|
7925|5696|6150|
7927|5709|9679|
7928|3393|7257|
7930|3991|8922|
7935|4097|3198|
7939|5472|6103|
7940|5565|6139|
7943|4953|5878|
7948|3869|5404|
7953|3026|9091|
7956|4452|5707|
7958|4900|5167|
7961|4970|4416|
7966|5614|9298|
7971|5616|4042|
7973|5039|7599|
7977|3691|9378|
7981|4230|3327|
7982|4715|4519|
7983|4253|8610|
7985|3477|7109|
7989|4792|3871|
7992|4239|9436|
7996|4894|9645|
7997|5674|6246|
7998|5590|9639|
8001|3514|8806|
8002|4672|6381|
8003|5173|5646|
8004|4033|3270|
8005|4025|4499|
8009|3389|10148|
8013|4132|8913|
8018|5178|5662|
8019|4377|3208|
8023|4582|7931|
8028|3922|6307|
8030|2947|4968|
8034|4769|11004|
8039|3174|8765|
8041|4213|3995|
8044|5442|10040|
8047|4414|5911|
8052|3696|5726|
8057|5168|4486|
8061|3169|10484|
8062|5455|5908|
8065|3182|10400|
8068|5191|7139|
8071|3994|3206|
8075|3384|4600|
8078|5284|4486|
8080|4968|10290|
8084|4044|6760|
8085|2903|8103|
8087|4325|3605|
8090|5059|3838|
8091|4170|7642|
8095|2951|10473|
8097|4989|5077|
8100|4676|8806|
8104|4342|4432|
8109|5295|10389|
8112|3606|10500|
8115|4628|7008|
8119|5571|10105|
8122|5558|7815|
8123|3732|7945|
8124|3112|8851|
8128|5360|9910|
8131|5665|3219|
8134|4656|5228|
8137|5030|8923|
8138|5038|5136|
8141|4951|5280|
8142|4388|9815|
8143|3697|7858|
8147|5706|6240|
8148|5256|9784|
8153|4674|7983|
8155|4720|6659|
8160|3148|10019|
8165|4499|9882|
8170|4776|7061|
8171|5456|5084|
8173|3160|9955|
8178|5692|4812|
8181|4068|5955|
8185|3735|5672|
8187|4551|6666|
8188|5645|9420|
8190|2953|4151|
8193|4288|8459|
8194|5130|4363|
8199|3265|7841|
8203|3861|3988|
8208|5024|5568|
8210|3084|4720|
8215|3154|6381|
8217|5676|3271|
8219|4747|6304|
8223|2948|9074|
8226|5011|5116|
8229|3255|4287|
8231|4320|4655|
8234|4392|4990|
8236|3283|8608|
8238|3151|10483|
8240|3750|10017|
8241|3885|5275|
8244|5075|6252|
8247|5092|7296|
8250|3625|4576|
8253|4962|7644|
8255|4174|10945|
8260|3755|9754|
8263|4280|3494|
8265|2913|5256|
8269|4590|7824|
8274|4053|4414|
8279|2905|9782|
8281|4085|7673|
8284|5509|9451|
8288|5564|4007|
8290|4670|7451|
8291|2916|9417|
8295|5008|7820|
8299|3532|4683|
8304|5086|9243|
8305|5316|3779|
8310|5164|5662|
8313|3313|4239|
8315|5448|9106|
8320|5046|6655|
8321|4826|8044|
8326|3797|10207|
8328|4574|8685|
8331|4792|9568|
8332|3935|7878|
8337|5465|8385|
8341|3547|3770|
8342|3668|10451|
8347|4040|3501|
8349|5545|10968|
8353|4737|6248|
8358|4847|4275|
8362|5298|6795|
8366|3993|5317|
8369|5176|9719|
8372|3566|9354|
8377|5690|9583|
8380|3851|6647|
8385|3840|5886|
8390|3690|11030|
8391|3226|6652|
8394|3431|5112|
8398|3575|9057|
8399|5070|9813|
8403|3597|10531|
8404|3905|9384|
8409|3628|7663|
8410|4872|4439|
8414|4595|5761|
8416|5365|8841|
8421|5554|8195|
8423|4628|6945|
8427|4838|10360|
8428|5524|3619|
8433|4297|3354|
8438|4294|3310|
8441|4190|9447|
8444|5441|10781|
8445|3210|6587|
8446|4996|7139|
8447|5394|4362|
8449|5347|9554|
8450|4723|4863|
8451|4054|6492|
8453|4244|9639|
8457|5076|3582|
8462|3070|6545|
8467|5649|6129|
8472|3420|9054|
8477|5340|9225|
8479|5081|9211|
8481|3724|6980|
8485|3922|4864|
8487|3500|7925|
8490|2992|9281|
8495|5399|3623|
8496|4676|8353|
8498|3070|3470|
8502|3366|9243|
8505|5041|7931|
8508|5714|9481|
8511|5458|7927|
8512|4149|5129|
8516|5354|9180|
8520|4744|6026|
8521|5534|8225|
8523|5310|7475|
8528|2903|5523|
8529|3498|8259|
8532|3314|10859|
8535|3991|3990|
8537|3815|3941|
8542|5328|9035|
8544|3199|6357|
8548|4059|7982|
8551|3587|10082|
8552|4669|3876|
8556|4754|8711|
8560|4632|6178|
8563|3735|6873|
8567|4434|5462|
8572|4792|11017|
8576|5341|7539|
8579|4503|6639|
8583|4235|8538|
8587|3583|9099|
8592|2972|4074|
8593|4511|9682|
8598|5440|5118|
8600|4512|10475|
8602|3158|9777|
8604|5163|10394|
8605|3176|6589|
8609|4694|10026|
8610|3314|5487|
8614|5089|5365|
8616|4432|9156|
8621|4660|10338|
8624|5367|7128|
8625|4331|6762|
8630|3184|3668|
8635|4031|6688|
8637|5300|9578|
8640|5073|3465|
8645|3160|3563|
8646|4770|4172|
8649|3137|4603|
8650|5172|4964|
8651|3614|7011|
8656|3246|8611|
8659|3283|7129|
8661|5510|10646|
8666|4835|3624|
8669|5564|10894|
8670|4986|9519|
8673|4230|10294|
8678|3880|10241|
8681|4705|6484|
8684|4367|5734|
8687|5098|3302|
8688|4390|9330|
8689|2997|9816|
8693|4836|4407|
8695|5479|8021|
8697|3798|7904|
8701|5510|9458|
8703|4266|5557|
8705|3026|3542|
8708|5510|9266|
8710|4229|5030|
8712|3479|6915|
8717|3413|5650|
8719|4084|5255|
8721|3394|9645|
8723|4608|4640|
8728|3662|7388|
8733|4754|6931|
8738|3091|6135|
8740|4295|4003|
8742|5516|9090|
8745|4983|5950|
8750|2919|3588|
8754|3813|8685|
8758|4791|3699|
8760|5079|6096|
8765|4780|8957|
8769|4727|10837|
8771|4056|3389|
8772|3224|3571|
8773|5700|3485|
8776|4707|4135|
8781|3573|5721|
8785|3008|8186|
8787|3187|3747|
8790|5009|7839|
8794|3414|3522|
8795|5287|3745|
8799|4208|4899|
8803|5679|5283|
8806|3539|9722|
8811|4002|5156|
8812|3139|9344|
8816|5441|3913|
8820|2987|3319|
8823|5669|7649|
8826|3735|3253|
8827|5098|6762|
8828|4082|10333|
8833|3457|6236|
8837|4493|3953|
8842|4361|5801|
8845|4849|6712|
8847|4112|5031|
8848|4937|9388|
8850|5107|6672|
8854|4324|8022|
8856|4253|4395|
8859|3833|10689|
8864|5099|7976|
8868|4632|9086|
8872|3791|7784|
8876|5558|7669|
8881|5300|10512|
8882|3560|9483|
8887|4514|7513|
8892|2943|9289|
8894|5477|9031|
8897|2950|4581|
8899|3038|7450|
8902|4717|3540|
8905|5380|3955|
8910|4027|10117|
8912|3276|7836|
8914|4395|5430|
8917|3917|10356|
8919|5448|10244|
8921|4347|6797|
8923|5454|9582|
8925|2969|7264|
8926|3803|4337|
8928|5629|7389|
8932|5603|7317|
8934|5339|8514|
8937|4542|8356|
8938|3567|8418|
8941|4885|7998|
8944|3563|8396|
8947|4086|4010|
8948|5257|3283|
8953|4931|10929|
8955|5052|3540|
8956|5704|7246|
8957|5574|5011|
8958|3394|7389|
8962|5177|7011|
8963|4514|7617|
8964|2970|4589|
8967|5648|5603|
8970|2912|9765|
8973|4837|9872|
8977|4814|6523|
8980|2906|5383|
8981|3138|6850|
8984|4827|10155|
8989|3946|4131|
8991|4316|6283|
8995|3973|10439|
8998|3205|7591|
8999|5100|6339|
9001|4590|8462|
9003|5511|4843|
9006|3216|10359|
9009|3577|10218|
9013|3491|8405|
9016|3593|3500|
9018|3029|10684|
9020|4233|5026|
9025|3384|8270|
9027|3138|8405|
9032|4317|6688|
9037|4689|9709|
9039|3771|8444|
9042|5182|7949|
9044|4510|5085|
9047|5539|9737|
9051|3074|9716|
9055|2903|9902|
9058|3767|7350|
9060|3347|7309|
9062|5624|6163|
9067|4436|6663|
9069|4861|6741|
9071|5703|4914|
9072|4856|10467|
9075|3490|8201|
9079|5159|10713|
9084|3319|5415|
9085|3956|8560|
9088|5032|3302|
9093|4760|7372|
9096|5342|5298|
9100|4227|6420|
9101|3037|6050|
9102|4296|8232|
9107|4572|9387|
9108|4927|8275|
9112|4857|7449|
9117|3453|4045|
9122|4038|8854|
9126|3242|5987|
9130|4794|10967|
9133|4767|6293|
9137|5638|8351|
9139|4995|6368|
9144|3596|7715|
9148|5570|10865|
9153|5247|7271|
9154|4963|3962|
9155|5055|5841|
9160|3344|3513|
9161|3051|3929|
9165|4589|7656|
9170|3247|3982|
9174|5503|3731|
9176|3464|7278|
9181|4580|6700|
9186|5563|6797|
9190|3338|10935|
9194|3827|8948|
9195|3963|7463|
9197|5588|9338|
9199|4898|6616|
9201|5064|3252|
9204|4838|7296|
9209|5164|9255|
9213|3574|5101|
9217|2914|4110|
9221|4930|10688|
9222|3177|3809|
9224|5281|10423|
9225|5205|3794|
9229|3644|4135|
9234|4675|8448|
9239|2913|7847|
9240|4159|6514|
9241|5006|6467|
9242|5118|4555|
9245|5246|3264|
9249|3669|10875|
9253|4477|3560|
9257|4015|7519|
9260|4745|11023|
9265|2996|6651|
9266|3832|3516|
9269|4439|3513|
9271|3189|9595|
9273|3053|8783|
9277|5705|4725|
9282|4141|4527|
9284|4490|10499|
9288|3183|4049|
9291|4466|5454|
9295|5455|8710|
9299|3407|4160|
9301|5045|7023|
9305|3570|3814|
9307|4262|8999|
9311|4900|4879|
9316|4245|5879|
9320|3257|10888|
9322|5635|6213|
9327|4061|10781|
9328|5549|7358|
9329|3019|7349|
9334|3451|6748|
9335|5373|6270|
9340|4743|8526|
9345|5437|7395|
9347|4248|6891|
9348|3416|11004|
9351|5483|7958|
9354|3830|10005|
9359|3541|6325|
9363|3708|10998|
9365|2971|4143|
9369|3274|10963|
9372|3452|8564|
9375|5112|5463|
9378|4872|10318|
9383|2973|3744|
9385|5409|3541|
9389|5219|7737|
9393|4798|10682|
9396|5539|5100|
9399|3314|5580|
9402|4735|10678|
9404|3305|4160|
9407|2946|7852|
9410|5336|9297|
9411|3381|10342|
9416|5345|3970|
9420|5712|7995|
9425|5103|11008|
9428|5573|8302|
9433|4746|3420|
9434|4716|8513|
9437|4130|6231|
9441|5570|3183|
9442|5424|9425|
9444|2985|10288|
9448|4092|10091|
9450|4967|10978|
9452|4504|10733|
9453|3160|6845|
9455|3301|6375|
9457|3348|7434|
9461|5292|3315|
9464|4645|5677|
9467|4527|5137|
9472|4913|5358|
9477|3278|3971|
9480|3210|10984|
9481|4845|10366|
9485|4431|3725|
9490|3101|8061|
9491|3675|6521|
9496|5656|4670|
9498|4679|9369|
9501|5474|5562|
9502|4298|3849|
9506|4501|5575|
9511|4451|5292|
9512|5228|6673|
9514|3636|6321|
9518|4822|10980|
9520|5137|8216|
9523|3809|10638|
9527|5422|3239|
9529|5580|10803|
9531|5710|10616|
9536|3148|4740|
9541|4114|10938|
9546|3015|4413|
9548|5670|8370|
9551|3556|7696|
9552|5207|8844|
9555|5061|8605|
9560|4973|6613|
9563|3057|9904|
9567|4555|5784|
9570|3213|7021|
9573|4470|4743|
9577|4196|9207|
9582|4826|8428|
9586|4482|7045|
9591|4083|10824|
9594|3750|7777|
9595|2975|7818|
9596|3149|5131|
9598|4945|8622|
9602|4352|10318|
9607|4283|7133|
9609|3407|6302|
9614|4716|7068|
9619|4696|10772|
9621|3576|6952|
9626|3245|5450|
9630|4166|9876|
9631|4100|6233|
9632|4911|10653|
9635|3020|3167|
9636|2949|10113|
9640|5274|7343|
9642|5233|10334|
9647|3546|4413|
9649|4563|5560|
9654|5005|7199|
9659|3835|10007|
9663|3231|9250|
9664|5582|8578|
9668|5710|3783|
9673|5611|5031|
9678|2926|10455|
9681|3511|5137|
9685|5366|4050|
9688|3466|4876|
9690|3067|7758|
9695|5084|3197|
9699|5686|8318|
9701|4709|7726|
9703|5444|8761|
9705|5489|3378|
9708|4087|4589|
9710|4617|7292|
9713|4181|7483|
9716|5049|6637|
9721|4338|9541|
9724|4304|7961|
9728|4713|10207|
9729|3306|3542|
9734|4572|3180|
9735|4694|4102|
9736|3120|8769|
9740|3562|5846|
9741|4263|4498|
9744|5573|10679|
9747|4602|8003|
9750|4951|5371|
9751|3053|3350|
9755|5391|8895|
9760|5555|8315|
9764|4481|9966|
9767|4430|9565|
9769|4227|4619|
9774|4594|5274|
9776|3209|10406|
9777|3380|3984|
9778|4997|3260|
9782|3173|10141|
9784|2912|4246|
9789|4815|9207|
9790|3914|8951|
9792|3773|4976|
9796|3973|7690|
9798|5422|4877|
9801|4109|5889|
9806|3616|4830|
9808|3702|8252|
9812|3488|4525|
9815|3526|5248|
9818|5246|7194|
9823|3845|5530|
9828|3205|10372|
9833|4466|8444|
9834|3655|7511|
9837|2921|10065|
9838|5617|7595|
9842|4915|9356|
9843|3573|9405|
9847|4093|4603|
9849|3580|5252|
9850|3725|10887|
9851|4432|4132|
9856|3184|7918|
9861|4988|6875|
9863|3265|8128|
9866|3008|10374|
9867|5609|8229|
9868|4196|6782|
9869|3082|8112|
9870|3218|8130|
9875|4954|5627|
9880|5143|3370|
9885|5146|8998|
9889|4260|10013|
9892|3014|6937|
9897|5264|5530|
9898|4545|9249|
9903|3939|3572|
9907|5640|6428|
9911|5703|6195|
9914|3096|9812|
9916|3024|8093|
9919|3918|10003|
9923|3811|4134|
9925|3252|4567|
9930|3452|8606|
9932|4942|4465|
9935|5309|5091|
9937|5483|9549|
9942|3757|11033|
9944|4164|9292|
9945|5205|10805|
9946|4798|6181|
9951|5079|5532|
9955|5284|4694|
9956|4124|3313|
9959|3596|3146|
9962|3176|7525|
9963|3968|10649|
9964|3555|7662|
9969|3917|11021|
9973|3338|5657|
9978|4902|10846|
9979|3704|7730|
9982|4464|5937|
9983|4903|6720|
9985|4075|6078|
9987|4682|7431|
9989|5026|7762|
9990|3289|10616|
9992|4561|9999|
9993|3097|7209|
9998|4137|3449|
10003|5561|7021|
10007|4261|7998|
10008|3184|6110|
10010|3784|8533|
10011|3947|10283|
10014|3653|3174|
10016|3751|7642|
10021|4236|6768|
10025|3622|4890|
10027|3970|4696|
10032|4818|4145|
10033|4446|8948|
10038|3799|7567|
10043|3025|4551|
10045|5099|7093|
10048|4969|5117|
10052|4466|6618|
10055|4261|4924|
10058|4329|8021|
10061|2945|4423|
10064|5051|10608|
10065|4766|5052|
10068|4033|7335|
10073|4594|6500|
10074|5087|8635|
10078|3788|5367|
10081|3195|8925|
10085|5132|10336|
10088|3986|4090|
10091|4169|5728|
10092|4033|4624|
10094|5277|10232|
10097|5252|5340|
10102|4023|5753|
10105|3438|9499|
10110|2987|8242|
10114|4449|3537|
10115|3399|7998|
10118|2981|3350|
10121|3298|9629|
10126|3137|4860|
10131|4474|9071|
10135|3915|5049|
10138|5151|10395|
10142|3309|6992|
10147|4486|3374|
10151|3566|7224|
10153|4927|9163|
10155|4499|10608|
10157|5228|10365|
10162|3312|10590|
10164|3609|4024|
10166|3336|5196|
10168|3093|4896|
10171|3202|10297|
10173|5297|5274|
10174|4188|6312|
10177|5202|6690|
10179|3224|4242|
10182|4240|7471|
10187|4622|3603|
10192|5204|7751|
10195|3272|7548|
10200|4220|6339|
10204|4546|5916|
10209|4224|9066|
10211|5372|5789|
10214|3608|10049|
10219|2995|6310|
10223|3964|9417|
10227|3663|9545|
10231|4475|7645|
10234|5346|9956|
10239|5541|4785|
10240|5395|10157|
10243|3051|8119|
10244|2966|4235|
10247|4915|7046|
10251|4102|10452|
10255|5398|10941|
10257|5592|6209|
10258|4367|5132|
10260|4957|7403|
10262|4325|10106|
10264|5138|8836|
10267|3646|7496|
10268|4137|10195|
10270|4585|3810|
10271|4446|10175|
10276|3499|9180|
10278|3984|3390|
10281|4015|3647|
10283|4911|3544|
10284|4833|10632|
10285|3243|4391|
10288|4200|9687|
10293|4756|8065|
10297|3783|3344|
10298|5048|5427|
10300|4465|3284|
10303|5611|7111|
10306|5549|7627|
10307|5570|9423|
10311|3196|8297|
10312|5174|5605|
10314|3095|9972|
10317|5432|10577|
10320|5357|8278|
10323|3355|11023|
10324|3544|7872|
10327|5073|4118|
10328|5520|10288|
10332|3407|8146|
10334|5436|7524|
10335|3627|3594|
10338|2969|9831|
10342|3183|6059|
10344|5024|4109|
10348|3073|9364|
10353|3219|3720|
10356|3569|8180|
10358|3723|4024|
10363|3815|6120|
10367|3757|9458|
10370|4068|3581|
10372|4508|4873|
10375|5028|5801|
10378|4760|4842|
10379|3789|7463|
10380|3272|5628|
10382|5245|9707|
10385|5456|4422|
10388|5482|7940|
10389|5209|9644|
10391|3444|8798|
10395|2936|3641|
10400|4514|7662|
10401|4678|5687|
10406|4227|7502|
10408|4195|5021|
10411|4996|4305|
10416|3211|9857|
10420|5564|6464|
10422|4811|7390|
10424|4870|8001|
10428|4904|4956|
10429|5306|8696|
10434|4421|4584|
10436|4758|5805|
10441|3809|8065|
10442|3830|4766|
10447|4856|9761|
10450|5428|9613|
10451|4042|10532|
10456|5688|6163|
10460|3465|4651|
10465|3272|7601|
10470|3144|4628|
10474|2973|4365|
10478|4623|9821|
10483|5595|6456|
10486|5646|10686|
10487|3569|7961|
10489|3222|3989|
10493|3772|10441|
10494|3960|7606|
10495|3373|6668|
10498|4683|10322|
10499|4306|9585|
10502|3193|10350|
10507|5298|10959|
10511|3465|4637|
10516|4805|7778|
10517|3637|5364|
10518|5291|4534|
10523|4986|10600|
10528|3888|10718|
10533|5634|4901|
10534|2968|3474|
10539|4428|8611|
10542|3896|9364|
10544|3056|5959|
10549|5715|5763|
10551|4848|9149|
10556|3269|4680|
10560|2903|5792|
10562|5707|8899|
10565|3110|9062|
10568|4429|7277|
10570|4565|8711|
10574|3275|5254|
10576|3300|5987|
10581|4054|7695|
10584|3699|5882|
10586|3241|10136|
10587|3954|5125|
10589|5485|7497|
10590|5171|6034|
10592|3519|10481|
10593|3334|9001|
10594|4886|9812|
10599|4087|4279|
10602|3126|4335|
10603|4976|10083|
10607|3474|8288|
10612|4356|5150|
10615|4857|7472|
10616|3945|9033|
10618|5327|9717|
10621|4549|9906|
10624|4926|9279|
10625|4814|4201|
10628|4204|9177|
10633|5258|3455|
10637|3743|10038|
10642|3623|5188|
10645|2959|3354|
10648|3098|7968|
10650|5339|6947|
10655|3489|6281|
10657|4605|3965|
10661|5435|8294|
10666|5264|6697|
10667|4975|10681|
10669|5033|8313|
10672|5158|8306|
10674|5236|4927|
10678|3158|6474|
10683|3782|10067|
10685|5474|8416|
10689|3080|3542|
10690|3663|6430|
10692|2925|8754|
10693|4496|6944|
10697|4377|6956|
10701|5042|3566|
10702|2914|9033|
10707|4583|5973|
10708|3510|9031|
10713|5538|3806|
10714|3841|6639|
10716|4898|5946|
10717|3735|6747|
10720|3018|10680|
10722|5085|9244|
10727|3607|8914|
10732|5651|9573|
10733|3475|6319|
10736|5333|5919|
10740|3141|5661|
10742|4350|3378|
10747|3700|9758|
10752|4092|6706|
10753|3703|9015|
10758|3686|4135|
10763|5199|7158|
10764|4325|6044|
10765|4510|6129|
10767|2907|5888|
10768|3338|6469|
10771|4568|4871|
10772|4406|7052|
10775|3962|5586|
10776|3720|5889|
10781|4481|10812|
10785|4053|9188|
10790|4854|5332|
10793|5227|10193|
10797|3138|8574|
10798|4536|10259|
10799|4473|9768|
10801|4325|3351|
10803|3178|4072|
10807|3232|4783|
10809|4672|7364|
10811|4835|9841|
10816|4284|8261|
10817|4669|8424|
10821|3876|10058|
10824|4844|9561|
10825|4537|8590|
10830|3674|5281|
10833|3588|8249|
10837|3491|3758|
10838|3537|6341|
10839|3133|3878|
10843|5068|6622|
10848|4213|5602|
10849|3955|8325|
10850|3829|10274|
10853|3707|9128|
10856|3390|6088|
10859|3134|9977|
10860|2943|8723|
10862|5085|3133|
10863|4805|3228|
10866|3400|10909|
10868|4879|7493|
10871|3554|10092|
10875|5196|10643|
10879|3197|5711|
10884|3998|4412|
10885|4348|3904|
10888|2943|10967|
10889|5207|5522|
10890|4104|10065|
10893|5265|8346|
10895|5068|5765|
10898|3438|3462|
10899|4346|7251|
10903|5440|5622|
10907|3500|9284|
10910|4484|7876|
10911|3373|5577|
10914|3830|7153|
10915|3064|3715|
10916|3030|9211|
10919|5139|7685|
10920|5405|9268|
10924|3734|7224|
10928|4085|9131|
10933|5226|9603|
10937|4376|6510|
10939|3032|7544|
10941|3929|9344|
10944|5252|6138|
10947|2937|4292|
10952|3838|4592|
10956|5570|8343|
10960|2999|7133|
10961|4975|10348|
10964|4155|10790|
10968|5545|10535|
10969|3940|5430|
10971|4852|5358|
10975|3840|3440|
10980|3585|9604|
10981|5420|3860|
10982|2997|9605|
10983|4389|10873|
10986|4209|10232|
10990|5620|5989|
10992|3224|10388|
10994|3380|10492|
10996|2914|5060|
11000|4930|7583|
11002|3625|8252|
11004|5065|5039|
11006|3089|6919|
11008|3885|3316|
11011|5565|9843|
11015|4373|9895|
11019|5470|7333|
11021|4103|8725|
11026|2909|9450|
11028|5307|9601|
11032|5518|9571|
11033|3982|10169|
11038|5034|8416|
11040|3176|9327|
11044|5239|3390|
11046|4240|6088|
11051|4911|9628|
11052|3324|5276|
11057|3348|4137|
11060|4615|10055|
11061|3139|9446|
11062|4372|7441|
11063|5264|5583|
11067|3442|4590|
11070|4429|5632|
11074|3821|6532|
11079|3867|9217|
11082|3347|4433|
11084|3258|7573|
11087|5551|5013|
11091|4786|6112|
11094|5229|10338|
11097|4596|7703|
11102|3004|6906|
11105|4306|8847|
11109|5452|10466|
11112|3923|4672|
11114|5000|11004|
11118|4808|8090|
11123|3248|5689|
11124|4597|4261|
11129|4855|7039|
11133|3265|4116|
11136|4022|7762|
11139|5455|8908|
11142|5286|5271|
11146|5380|5104|
11148|4857|11042|
11153|4689|9784|
11158|4680|8700|
11163|3745|8110|
11165|5417|5632|
11169|4943|5183|
11171|4464|8056|
11172|4512|9078|
11174|3204|4830|
11179|3723|7144|
11182|4365|9425|
11187|4083|6218|
11192|3177|6267|
11194|5208|9319|
11196|5022|3614|
11198|3153|7299|
11203|5144|9113|
11204|3958|6226|
11206|4034|6865|
11210|5693|10840|
11213|5490|10740|
11216|4470|7673|
11221|5505|7500|
11226|4765|6550|
11230|4692|10907|
11235|5171|10963|
11240|4191|5784|
11243|5585|8416|
11245|4945|8197|
11246|3243|7122|
11248|4779|5554|
11252|3389|10680|
11254|4099|8472|
11259|3696|9554|
11262|4739|3560|
11263|3180|3752|
11266|3742|10091|
11267|5415|10747|
11269|3856|10866|
11270|2922|5646|
11275|4972|9713|
11280|4519|7454|
11282|4327|6010|
11287|3180|10002|
11289|4821|4972|
11293|3439|8646|
11298|4320|5931|
11301|5606|10036|
11302|3855|9560|
11304|5595|4283|
11308|3609|6423|
11310|4610|7919|
11313|4758|3769|
11314|5513|5022|
11319|5668|7540|
11324|3422|8238|
11326|3010|7580|
11327|3781|7464|
11329|5301|10060|
11330|4889|4347|
11331|4155|9581|
11336|3262|8127|
11340|4197|4389|
11344|3167|8484|
11346|4549|10051|
11348|5667|5313|
11351|3021|4357|
11354|3978|4532|
11357|4939|5521|
11358|5303|7187|
11362|4316|4913|
11367|3422|9058|
11370|3768|9035|
11375|4031|5044|
11376|4721|7371|
11379|4488|4432|
11381|4902|4508|
11385|5504|6937|
11389|3685|8170|
11394|3823|3459|
11397|3394|5132|
11402|5420|8426|
11407|3594|10983|
11410|4119|10220|
