4|6207|
6|8688|
9|8210|
12|5657|
17|5595|
21|9792|
26|3209|
29|4989|
32|7248|
33|9527|
38|2615|
42|7599|
43|3885|
44|5222|
49|1704|
51|3416|
54|2034|
57|8009|
60|9410|
61|7701|
64|2102|
67|8290|
72|5448|
74|10223|
79|10542|
80|611|
85|1635|
86|5204|
91|2379|
92|7418|
97|10983|
98|10240|
99|4792|
104|855|
105|7250|
110|10516|
115|10895|
117|9567|
120|4759|
121|5522|
124|170|
128|11410|
131|5222|
132|6065|
136|2060|
139|8291|
144|3405|
146|8147|
149|4704|
151|8941|
152|10733|
157|356|
160|4120|
162|9750|
166|7641|
169|11091|
173|1389|
176|7693|
179|8921|
182|7183|
184|2997|
185|1929|
190|3522|
194|5372|
195|1730|
197|1758|
200|8119|
201|6697|
203|8087|
204|1735|
206|3501|
207|9688|
209|1907|
212|8742|
216|9925|
219|6008|
222|1555|
227|7715|
229|9112|
230|2613|
234|5209|
236|2759|
237|8717|
238|4144|
242|1002|
243|4741|
246|2840|
250|8299|
252|6786|
253|7296|
256|9249|
260|10153|
264|8719|
269|3441|
272|3773|
273|1743|
275|9018|
277|330|
278|3084|
280|4309|
281|4864|
284|968|
285|1834|
288|4350|
293|5732|
296|7272|
300|3423|
305|4113|
308|6635|
311|4658|
314|11158|
316|9808|
318|4864|
321|9701|
322|5475|
324|77|
329|8342|
331|8872|
332|7796|
337|572|
340|3398|
345|8445|
349|3479|
352|10114|
356|776|
360|5008|
363|837|
364|726|
367|317|
370|7577|
372|1072|
377|4002|
380|846|
385|9834|
386|8498|
389|10195|
393|4762|
395|10166|
397|5887|
401|7733|
405|8712|
408|6522|
411|9529|
413|473|
417|3276|
418|10043|
423|3598|
424|10014|
425|9122|
427|7958|
429|67|
431|2418|
432|7886|
434|4141|
435|2382|
437|9393|
441|359|
442|3183|
445|7927|
450|4692|
451|8941|
456|1611|
459|10255|
460|368|
462|9088|
464|1974|
469|5010|
471|163|
475|4805|
477|7206|
482|9407|
484|2426|
486|502|
491|8521|
495|4038|
500|1563|
505|10173|
506|9716|
507|9051|
510|8823|
514|9776|
517|2744|
520|11259|
522|2414|
526|807|
530|2164|
531|1090|
535|10693|
540|2317|
544|3379|
548|3084|
552|9914|
555|5913|
558|9897|
563|8917|
568|3898|
571|7848|
574|2444|
576|2739|
580|3537|
581|4348|
586|3608|
587|186|
591|9843|
594|6530|
598|6128|
602|3427|
603|2903|
606|3807|
608|9955|
609|4497|
613|3418|
615|1130|
617|1203|
622|3855|
623|5107|
624|1747|
628|4950|
631|6534|
633|7427|
636|6408|
639|9213|
643|4358|
644|3096|
649|3795|
653|3815|
658|5697|
662|1216|
666|6663|
667|799|
670|5692|
671|5032|
675|10933|
676|2370|
678|3655|
680|6983|
684|11245|
685|7441|
686|4188|
687|10775|
690|11063|
695|2355|
696|4093|
700|220|
705|8244|
709|7761|
712|9186|
713|951|
717|11006|
721|6804|
726|9071|
727|551|
730|5479|
733|10848|
737|11063|
742|5726|
743|7523|
745|4735|
750|4819|
753|9161|
754|10539|
758|6189|
761|9130|
765|689|
770|8347|
774|1069|
778|4329|
783|11033|
788|8894|
789|4188|
791|4215|
795|2379|
797|4846|
801|10560|
804|9635|
808|6007|
810|4973|
811|5750|
812|8548|
816|6075|
819|10603|
824|8112|
829|8794|
832|9071|
836|5338|
839|8013|
843|8772|
846|9734|
847|10747|
850|1641|
854|375|
856|10533|
861|5190|
862|8241|
863|10843|
867|3763|
868|4520|
873|2086|
877|1479|
879|6051|
881|1713|
882|2911|
883|1538|
887|5616|
892|4669|
894|1055|
897|633|
899|8087|
903|7992|
907|4626|
909|9987|
911|1758|
915|4818|
918|4010|
923|3437|
926|7381|
927|3389|
929|10227|
931|1381|
935|6253|
938|5894|
939|1880|
943|10142|
944|3017|
948|9003|
951|7730|
954|6121|
958|8438|
962|8963|
963|5459|
967|5692|
968|9812|
973|4141|
976|7510|
981|6319|
985|1851|
990|11026|
994|1207|
998|7814|
1002|10003|
1004|816|
1008|4729|
1009|9437|
1013|423|
1015|9993|
1020|11165|
1023|10288|
1026|10074|
1031|10837|
1033|1728|
1035|490|
1036|289|
1038|5201|
1039|3751|
1041|5798|
1042|1311|
1043|11221|
1045|1751|
1048|11169|
1053|906|
1057|8004|
1060|5436|
1062|837|
1064|7118|
1067|7283|
1069|8892|
1073|10168|
1076|10267|
1080|6635|
1085|4740|
1087|566|
1091|299|
1093|1021|
1096|3710|
1097|10907|
1099|3479|
1102|792|
1107|7678|
1110|1880|
1112|1324|
1115|1095|
1120|10678|
1121|6845|
1124|9372|
1129|4446|
1134|994|
1139|9240|
1144|6403|
1145|5362|
1148|6220|
1153|6159|
1155|4965|
1157|3530|
1162|3777|
1166|655|
1169|1560|
1171|6356|
1174|10436|
1177|5069|
1181|8505|
1186|4278|
1187|5028|
1192|3097|
1195|7901|
1197|2811|
1201|1080|
1202|4968|
1207|6520|
1208|7019|
1212|9448|
1217|8342|
1218|10768|
1219|6304|
1224|1377|
1227|6498|
1228|6372|
1233|8710|
1238|2785|
1243|1748|
1247|6119|
1252|4849|
1255|1811|
1258|965|
1263|4901|
1268|5119|
1272|5153|
1273|6200|
1276|1481|
1280|8695|
1285|9433|
1286|8423|
1289|5719|
1291|9582|
1293|807|
1297|9529|
1299|5809|
1303|8806|
1305|11026|
1308|6177|
1313|8290|
1315|8485|
1317|2315|
1322|3040|
1326|10033|
1329|7751|
1333|378|
1337|8421|
1339|8328|
1340|2221|
1343|7940|
1347|1180|
1350|3702|
1354|4995|
1359|7268|
1364|6782|
1366|10853|
1370|9782|
1375|4396|
1379|8353|
1381|5063|
1385|9282|
1386|1897|
1390|3639|
1392|9396|
1393|1464|
1398|1601|
1403|6833|
1405|544|
1408|7672|
1411|9359|
1414|2668|
1418|8666|
1421|10859|
1426|8529|
1429|8964|
1433|2632|
1436|8955|
1437|5479|
1441|10939|
1444|2993|
1448|9735|
1451|8112|
1455|10231|
1456|7082|
1459|2204|
1463|7336|
1464|2930|
1469|10320|
1472|8689|
1475|1664|
1479|4508|
1482|6271|
1485|866|
1490|8380|
1494|10094|
1499|8018|
1503|1564|
1507|792|
1510|8210|
1514|2598|
1519|1524|
1522|9148|
1524|3426|
1525|1935|
1528|6080|
1529|11148|
1532|10420|
1535|8944|
1540|4521|
1544|493|
1545|2550|
1549|3526|
1553|10153|
1556|861|
1558|6803|
1560|9989|
1561|2337|
1566|10258|
1568|1752|
1572|3895|
1577|3051|
1582|3702|
1586|5270|
1590|1168|
1595|6495|
1597|10586|
1602|6645|
1603|2807|
1605|4889|
1606|6460|
1609|6182|
1614|3088|
1619|3258|
1623|8787|
1624|6517|
1628|6171|
1629|10121|
1633|6865|
1635|9570|
1637|8977|
1638|6042|
1640|1069|
1642|4213|
1643|216|
1648|4464|
1651|2978|
1653|589|
1658|10498|
1660|8123|
1665|1836|
1670|6706|
1671|5539|
1675|9410|
1677|5765|
1682|3702|
1687|468|
1691|8410|
1694|5683|
1696|2896|
1700|5367|
1705|1471|
1706|9834|
1708|11084|
1711|891|
1714|3072|
1718|3428|
1719|3457|
1721|10038|
1724|2186|
1725|2748|
1728|2145|
1732|994|
1733|1527|
1736|5975|
1741|7745|
1744|3480|
1745|7470|
1748|7608|
1749|10674|
1754|1448|
1758|10602|
1761|6725|
1766|3542|
1768|1515|
1770|3807|
1775|8005|
1779|5888|
1780|280|
1784|4889|
1788|9224|
1791|3402|
1792|2345|
1794|6942|
1795|9472|
1796|4936|
1800|5894|
1804|4581|
1808|9511|
1809|4043|
1811|572|
1816|4715|
1817|8181|
1820|7712|
1825|9079|
1829|374|
1832|1032|
1833|2422|
1835|6084|
1837|5652|
1839|8409|
1842|906|
1845|6591|
1846|10888|
1847|9496|
1850|2930|
1853|776|
1856|6563|
1860|2099|
1862|8223|
1863|2935|
1868|8253|
1871|6543|
1872|3398|
1875|7242|
1879|9705|
1880|9018|
1883|1420|
1887|3706|
1892|6498|
1896|5748|
1898|3599|
1901|316|
1902|4394|
1907|7493|
1910|5367|
1912|9741|
1916|1311|
1918|7183|
1921|1971|
1922|3635|
1926|1786|
1930|3673|
1934|2128|
1937|259|
1942|1773|
1943|8854|
1945|7708|
1946|5583|
1947|2249|
1948|8472|
1949|6978|
1951|5765|
1953|1756|
1956|9555|
1958|7147|
1963|9060|
1968|11179|
1970|9154|
1973|3706|
1976|6992|
1978|9006|
1983|7928|
1985|5265|
1986|956|
1991|3592|
1995|8521|
1998|8122|
2000|2861|
2001|3864|
2005|10271|
2008|1374|
2011|4113|
2014|5250|
2018|5217|
2022|9385|
2026|8528|
2029|3621|
2033|4794|
2038|5500|
2042|9100|
2046|10990|
2048|3541|
2053|306|
2057|8964|
2061|1915|
2064|2379|
2066|7614|
2070|9512|
2073|2861|
2074|7860|
2075|8362|
2079|6372|
2084|10817|
2089|776|
2093|9213|
2098|5580|
2103|8288|
2107|3197|
2109|4167|
2112|9441|
2114|2513|
2116|6211|
2121|1486|
2125|8876|
2126|4098|
2129|7930|
2130|4553|
2134|7316|
2135|8428|
2139|9176|
2140|8661|
2144|9570|
2149|5704|
2151|4994|
2153|8138|
2156|3325|
2159|264|
2162|4460|
2165|8560|
2167|4765|
2168|2387|
2170|7985|
2174|1130|
2176|5920|
2180|9051|
2184|1295|
2188|9442|
2193|5469|
2198|8097|
2201|5812|
2206|1479|
2211|11169|
2212|7579|
2213|3222|
2218|6098|
2222|11326|
2223|9404|
2224|10895|
2225|741|
2228|7608|
2231|6119|
2233|7558|
2234|9869|
2238|8315|
2242|6833|
2245|10961|
2249|7493|
2250|10771|
2252|7477|
2257|8670|
2260|4623|
2264|10971|
2269|8428|
2272|10204|
2273|9369|
2276|8321|
2277|8315|
2282|8160|
2286|5186|
2291|1601|
2292|3815|
2296|912|
2301|1459|
2306|5706|
2308|10941|
2313|478|
2317|5768|
2320|3807|
2322|6679|
2324|7816|
2325|6549|
2328|1743|
2331|4285|
2334|11102|
2339|9964|
2341|4585|
2346|7620|
2348|2034|
2353|7719|
2354|1935|
2359|11133|
2360|9181|
2363|1836|
2367|10667|
2368|4312|
2373|2339|
2374|4070|
2378|520|
2381|1295|
2384|7483|
2385|10678|
2390|6214|
2391|10262|
2393|1500|
2395|4114|
2398|8854|
2400|10593|
2404|2276|
2409|7589|
2413|1940|
2418|2814|
2419|983|
2420|5372|
2425|2891|
2428|8071|
2429|10910|
2432|9956|
2435|8681|
2436|5894|
2441|3311|
2445|9457|
2446|5877|
2450|10166|
2454|8358|
2459|7484|
2464|378|
2468|5375|
2472|1075|
2473|8128|
2478|5732|
2482|6534|
2485|8684|
2489|3760|
2493|3058|
2497|799|
2499|8295|
2501|5060|
2506|10581|
2508|5274|
2511|5960|
2515|121|
2520|10910|
2522|209|
2525|6549|
2529|1714|
2534|11124|
2537|6110|
2538|3847|
2539|7799|
2540|4594|
2542|1273|
2544|10332|
2549|1690|
2552|8315|
2556|4700|
2561|6047|
2564|2355|
2566|2006|
2568|6996|
2569|5748|
2573|5683|
2575|7246|
2576|7476|
2581|7235|
2585|8523|
2587|2023|
2590|3819|
2594|7761|
2595|6376|
2596|1646|
2598|4179|
2600|1651|
2604|10502|
2605|8919|
2608|6151|
2613|2300|
2614|786|
2615|8941|
2618|31|
2620|6347|
2624|2903|
2629|7139|
2630|6769|
2631|5490|
2634|7781|
2639|9713|
2644|10408|
2647|4543|
2650|10996|
2655|11038|
2656|10961|
2658|5080|
2663|8914|
2666|11124|
2671|4626|
2672|10736|
2673|2778|
2674|1531|
2676|9964|
2677|6160|
2679|9551|
2683|646|
2685|3501|
2689|1278|
2692|5007|
2695|6809|
2697|1412|
2698|104|
2700|5037|
2703|638|
2704|1735|
2709|673|
2711|994|
2715|10983|
2719|10231|
2720|7676|
2722|9688|
2725|10853|
2727|6591|
2729|4819|
2734|5421|
2739|2048|
2743|177|
2748|4084|
2752|1236|
2755|8845|
2758|427|
2762|6284|
2763|4005|
2764|884|
2765|9269|
2769|2221|
2770|1655|
2772|9117|
2777|8134|
2781|7992|
2782|1273|
2784|10924|
2788|4019|
2793|10102|
2796|2950|
2799|7904|
2804|11192|
2807|5719|
2811|5586|
2815|2675|
2819|5411|
2824|4718|
2826|2462|
2828|10378|
2833|8028|
2838|6798|
2843|3297|
2846|6692|
2850|4601|
2851|7373|
2852|10511|
2855|2640|
2856|1073|
2858|9032|
2863|1531|
2865|4084|
2869|924|
2874|7927|
2875|3945|
2880|4794|
2882|7051|
2883|7893|
2884|10234|
2887|2122|
2892|2668|
2897|5020|
2900|3216|
2904|4842|
2906|9174|
2908|757|
2910|490|
2915|2128|
2919|7311|
2920|6933|
2923|8044|
2925|6775|
2927|5436|
2931|8013|
2936|6356|
2938|10593|
2941|1015|
2946|816|
2949|204|
2952|8661|
2953|4843|
2954|1357|
2955|697|
2960|8695|
2965|855|
2968|1918|
2972|6419|
2977|2289|
2982|1018|
2984|7252|
2989|6905|
2991|767|
2992|3807|
2993|6936|
2994|1276|
2996|514|
3000|1787|
3004|591|
3006|7287|
3010|7324|
3012|7586|
3014|9442|
3015|2297|
3019|867|
3023|2737|
3028|130|
3033|9716|
3037|10551|
3041|2550|
3046|121|
3049|7062|
3051|8403|
3055|4881|
3057|9919|
3062|1167|
3063|4362|
3066|6772|
3070|10633|
3072|10523|
3077|10772|
3080|9130|
3082|9744|
3084|3654|
3087|1712|
3088|2418|
3092|8199|
3093|611|
3097|4215|
3100|1545|
3105|6431|
3106|8625|
3108|5398|
3113|3453|
3118|7620|
3120|7599|
3124|1154|
3128|1997|
3129|10177|
3134|3718|
3138|1055|
3142|8414|
3143|3572|
3144|11174|
3149|1538|
3150|4501|
3154|1543|
3155|41|
3156|11213|
3159|4919|
3163|1324|
3168|3142|
3171|11006|
3175|4981|
3178|6835|
3182|5000|
3186|8542|
3189|7193|
3192|4821|
3197|756|
3198|4723|
3201|9096|
3202|8142|
3203|6537|
3204|4669|
3205|7701|
3207|2780|
3212|3375|
3215|2320|
3216|2403|
3219|5920|
3223|3135|
3224|3814|
3229|4161|
3233|3531|
3234|7250|
3239|4053|
3241|3534|
3246|9122|
3247|9148|
3251|2637|
3253|7826|
3255|577|
3259|7693|
3261|5611|
3265|2068|
3266|9747|
3267|8472|
3271|3997|
3276|5367|
3281|2887|
3285|10102|
3288|168|
3290|4383|
3295|10334|
3296|3953|
3298|5743|
3300|5867|
3302|4854|
3303|3241|
3308|5732|
3312|6424|
3316|9740|
3317|3744|
3319|7796|
3324|7737|
3329|7299|
3330|6942|
3335|2145|
3337|11196|
3339|6189|
3343|9161|
3347|9453|
3352|9842|
3353|1636|
3358|10764|
3359|10114|
3364|10964|
3366|5842|
3368|4508|
3372|10661|
3373|9393|
3378|5685|
3380|3596|
3385|979|
3389|6173|
3391|7983|
3394|7915|
3395|3409|
3400|1712|
3404|4931|
3405|454|
3406|1552|
3410|4843|
3414|3109|
3415|3772|
3418|3266|
3422|3630|
3427|2683|
3430|10168|
3433|11240|
3438|10097|
3441|1953|
3445|3769|
3450|1388|
3452|6523|
3456|10442|
3460|11021|
3464|7|
3468|9085|
3472|289|
3473|7729|
3474|3807|
3476|7427|
3480|3480|
3484|7572|
3485|5215|
3488|9828|
3493|9491|
3495|827|
3496|7718|
3500|1444|
3505|6721|
3507|4696|
3510|3842|
3514|3660|
3519|11329|
3524|2418|
3528|6686|
3533|3782|
3536|3564|
3537|2484|
3540|2479|
3542|10937|
3544|7642|
3546|10436|
3547|544|
3549|6640|
3554|3777|
3556|7258|
3558|9867|
3563|8219|
3567|10032|
3571|9393|
3576|1380|
3579|2641|
3584|7796|
3588|5464|
3590|6715|
3594|7745|
3595|8065|
3597|6603|
3599|1203|
3604|6041|
3609|3990|
3612|47|
3617|10961|
3620|7362|
3624|8385|
3625|5528|
3628|11097|
3629|3522|
3630|1180|
3634|11330|
3637|5033|
3640|2891|
3641|6603|
3642|53|
3645|4198|
3646|10980|
3647|6765|
3650|2479|
3654|7554|
3656|3379|
3660|9959|
3663|5283|
3664|3284|
3666|2621|
3668|2709|
3670|7819|
3672|2401|
3674|4131|
3675|3437|
3679|10920|
3681|2656|
3684|10061|
3685|10733|
3689|10528|
3693|7422|
3698|5011|
3703|6923|
3704|7596|
3706|11329|
3709|8523|
3712|6692|
3717|841|
3721|8977|
3723|2564|
3727|8583|
3730|9420|
3732|4878|
3737|2315|
3742|7396|
3743|2459|
3747|1500|
3751|6108|
3756|8122|
3757|10138|
3759|3350|
3764|2836|
3765|7418|
3766|509|
3767|10195|
3769|3603|
3772|4553|
3773|8496|
3777|1357|
3782|10323|
3785|1168|
3788|2748|
3792|6133|
3794|7971|
3799|7653|
3804|9444|
3808|1743|
3809|7338|
3812|1801|
3815|9815|
3818|4213|
3819|8326|
3822|764|
3827|10244|
3832|10187|
3835|1273|
3838|5997|
3842|2618|
3845|503|
3848|8148|
3851|10391|
3855|10406|
3859|7032|
3863|2699|
3866|9851|
3868|10616|
3872|6840|
3875|5768|
3879|7097|
3883|5979|
3885|1263|
3888|2414|
3893|7765|
3895|509|
3896|5089|
3901|7601|
3904|9838|
3909|6773|
3914|9365|
3919|7444|
3924|9032|
3929|9856|
3932|5265|
3933|1563|
3936|11015|
3939|628|
3943|9069|
3948|5080|
3951|4371|
3955|8576|
3960|10666|
3965|2955|
3966|6166|
3969|2709|
3974|6351|
3978|36|
3981|6145|
3984|3428|
3989|7371|
3990|9903|
3993|1728|
3998|6297|
4001|2209|
4004|5215|
4005|116|
4008|10003|
4013|1013|
4018|5325|
4020|3097|
4025|4372|
4027|5474|
4030|10716|
4031|6495|
4036|3795|
4041|3318|
4042|2343|
4045|2608|
4050|8122|
4054|1589|
4059|3501|
4061|628|
4066|5244|
4068|8532|
4072|10816|
4074|613|
4079|10839|
4084|3391|
4089|241|
4094|6833|
4098|9531|
4099|8693|
4103|9204|
4105|4684|
4110|5864|
4112|997|
4114|3898|
4116|1029|
4118|4821|
4119|560|
4122|6378|
4127|5119|
4131|6968|
4136|10276|
4139|6387|
4144|10283|
4148|10429|
4151|7523|
4154|4623|
4156|2071|
4159|5824|
4161|9490|
4166|8944|
4171|837|
4175|10338|
4179|10983|
4180|10785|
4184|2102|
4188|4167|
4191|4559|
4193|5325|
4197|1146|
4200|1266|
4205|10907|
4207|7444|
4211|10367|
4216|1031|
4220|1066|
4223|8128|
4227|11206|
4229|7062|
4231|2124|
4234|7373|
4235|9735|
4239|8347|
4240|3751|
4242|1112|
4246|6486|
4250|4559|
4251|10487|
4255|5412|
4257|6012|
4261|8529|
4264|6526|
4269|6098|
4272|490|
4273|4830|
4274|4113|
4276|3963|
4280|6168|
4281|943|
4282|1795|
4285|6692|
4288|3710|
4291|6804|
4293|3018|
4294|8337|
4295|4327|
4297|2492|
4301|4339|
4304|2709|
4309|8498|
4314|10920|
4319|2887|
4320|10666|
4325|5522|
4329|1328|
4330|9273|
4334|8656|
4337|4055|
4342|10284|
4343|10875|
4345|5121|
4347|5190|
4352|6940|
4356|8326|
4357|6591|
4361|4968|
4362|5394|
4365|524|
4367|10155|
4368|3306|
4370|3874|
4374|7300|
4377|4005|
4379|5126|
4384|604|
4389|8583|
4390|4770|
4393|10370|
4394|6056|
4397|11187|
4402|4322|
4406|9311|
4411|3602|
4413|4658|
4415|3462|
4418|586|
4421|6944|
4422|6329|
4425|9760|
4427|5467|
4428|2128|
4429|7761|
4432|3829|
4437|3751|
4440|3642|
4442|10105|
4447|3767|
4451|1972|
4454|7678|
4457|4366|
4458|10110|
4459|586|
4461|9514|
4465|8902|
4468|6007|
4469|493|
4472|6883|
4474|1386|
4477|1873|
4479|1601|
4483|6214|
4486|8948|
4491|4055|
4493|5234|
4497|524|
4498|483|
4500|11006|
4501|8604|
4502|4399|
4506|2272|
4511|10038|
4512|1331|
4516|7371|
4519|3562|
4523|700|
4524|5134|
4529|6170|
4532|4362|
4533|5606|
4536|9789|
4537|2760|
4541|11079|
4542|1856|
4543|4218|
4546|833|
4549|10498|
4553|10838|
4556|2836|
4559|10790|
4560|10153|
4565|6447|
4566|4490|
4570|842|
4572|6658|
4575|7170|
4580|325|
4584|2278|
4585|9868|
4589|6543|
4590|252|
4591|4723|
4594|4396|
4598|2397|
4599|2385|
4600|10422|
4603|7193|
4608|4768|
4609|7881|
4613|4167|
4614|1213|
4616|7130|
4620|999|
4624|10628|
4626|4119|
4627|5244|
4632|781|
4633|10470|
4636|4688|
4637|8247|
4642|2745|
4643|5281|
4648|2211|
4651|4740|
4652|7481|
4654|2234|
4655|841|
4659|10803|
4662|8845|
4664|2967|
4666|1481|
4670|9511|
4674|2107|
4677|5645|
4680|1441|
4682|5704|
4687|8193|
4690|5310|
4695|10493|
4697|1880|
4699|10470|
4701|317|
4706|9713|
4711|317|
4716|5031|
4719|3630|
4720|9067|
4724|3837|
4727|8003|
4730|10574|
4731|6289|
4733|9769|
4737|1118|
4741|2475|
4745|10890|
4747|7079|
4752|2221|
4757|3090|
4758|9755|
4762|3062|
4766|4223|
4771|3088|
4776|8310|
4781|1630|
4784|10768|
4785|10278|
4788|713|
4793|2598|
4797|4584|
4801|4911|
4804|5804|
4805|7759|
4809|2229|
4810|520|
4813|35|
4816|1822|
4819|9937|
4824|1037|
4828|5602|
4830|5661|
4835|8065|
4836|4034|
4839|7804|
4841|9892|
4844|10807|
4845|1858|
4848|2372|
4850|6760|
4854|710|
4859|3222|
4863|31|
4865|3252|
4867|4165|
4868|2099|
4869|1515|
4870|5729|
4873|62|
4877|9573|
4882|6673|
4885|371|
4890|9992|
4892|4824|
4895|7505|
4900|5700|
4902|11346|
4906|9963|
4910|5525|
4913|914|
4917|9375|
4922|7824|
4924|1236|
4925|10689|
4927|4950|
4929|2390|
4932|7087|
4934|6366|
4938|2426|
4940|3082|
4941|5429|
4943|5429|
4947|7342|
4952|3534|
4954|4198|
4956|7157|
4961|7452|
4964|10624|
4968|10247|
4970|452|
4974|7654|
4978|2834|
4983|5293|
4988|4215|
4993|10110|
4998|8019|
5003|9956|
5006|3271|
5008|704|
5011|4286|
5015|8065|
5018|7966|
5022|5768|
5024|7201|
5029|1420|
5033|7864|
5038|3271|
5041|3343|
5044|5421|
5048|9001|
5051|7373|
5053|10752|
5054|9964|
5056|6539|
5057|2284|
5062|9455|
5065|6725|
5070|8002|
5074|6161|
5075|1729|
5080|4390|
5082|7973|
5084|10378|
5089|7943|
5091|1703|
5092|2026|
5096|990|
5097|1287|
5099|2628|
5104|4093|
5108|9823|
5112|9501|
5113|3479|
5114|3127|
5119|2556|
5120|760|
5123|8914|
5128|1099|
5130|8967|
5133|332|
5136|924|
5141|4688|
5144|7585|
5149|6013|
5151|5190|
5152|6483|
5156|2237|
5160|7586|
5162|5111|
5166|3997|
5168|3206|
5171|5051|
5173|9416|
5175|10727|
5180|6940|
5185|5190|
5188|6326|
5191|10888|
5194|9107|
5196|937|
5201|5495|
5206|2917|
5211|6327|
5212|2435|
5215|7302|
5220|7472|
5224|10211|
5225|609|
5229|4468|
5230|2836|
5235|5255|
5236|9708|
5237|3491|
5241|10173|
5244|10411|
5248|5463|
5252|8210|
5253|5213|
5255|7608|
5260|2891|
5264|7602|
5269|872|
5270|5909|
5273|1204|
5274|11203|
5275|4875|
5276|932|
5281|5176|
5282|9428|
5286|56|
5288|5516|
5289|10422|
5292|9437|
5296|959|
5300|10323|
5304|9174|
5308|990|
5309|6973|
5310|91|
5313|4470|
5316|3710|
5321|6464|
5325|7452|
5328|4740|
5330|4486|
5334|11358|
5339|5463|
5344|4954|
5345|5904|
5348|1042|
5353|4329|
5356|9577|
5361|1974|
5363|7608|
5366|2968|
5367|7625|
5372|7520|
5375|7730|
5379|10612|
5382|7065|
5385|3577|
5387|6953|
5391|8661|
5394|2974|
5397|1543|
5401|2992|
5406|6717|
5410|4287|
5411|3249|
5416|1130|
5421|7594|
5426|6119|
5431|4208|
5436|6513|
5437|6678|
5440|10775|
5445|8481|
5446|9260|
5450|4421|
5454|5394|
5456|259|
5459|10898|
5460|2916|
5465|6518|
5470|4799|
5471|2361|
5475|4954|
5477|2218|
5480|9630|
5484|5176|
5485|3033|
5488|8450|
5489|9892|
5493|5747|
5496|5864|
5500|10007|
5504|89|
5508|7816|
5511|11179|
5515|3710|
5517|5209|
5521|316|
5522|8932|
5525|8451|
5526|11057|
5529|7897|
5533|2968|
5534|538|
5539|997|
5541|7989|
5545|2737|
5548|816|
5553|5215|
5557|928|
5562|2978|
5563|2818|
5567|6187|
5571|3146|
5574|10961|
5578|534|
5583|999|
5584|6833|
5587|4475|
5588|11070|
5591|314|
5592|2209|
5593|8921|
5594|8115|
5596|7324|
5600|604|
5603|2278|
5606|4203|
5611|9072|
5615|5132|
5618|384|
5621|8544|
5623|7231|
5627|4299|
5631|10499|
5635|10223|
5638|10625|
5640|4382|
5642|8593|
5646|3567|
5650|5206|
5652|10821|
5654|4094|
5656|8104|
5657|7231|
5662|7814|
5664|7118|
5667|10348|
5671|6663|
5675|10516|
5679|11336|
5682|6663|
5684|3311|
5687|7147|
5691|767|
5692|4015|
5696|482|
5698|8772|
5702|3905|
5705|5842|
5710|8670|
5713|9126|
5714|4179|
5716|7027|
5719|5394|
5722|4786|
5726|1230|
5730|7393|
5732|6168|
5737|7661|
5739|9154|
5744|6711|
5748|6173|
5751|8854|
5756|10074|
5761|5777|
5764|9234|
5766|8231|
5770|3266|
5774|8598|
5779|534|
5784|4202|
5787|4114|
5790|3517|
5793|8944|
5794|10223|
5798|4269|
5802|4729|
5803|658|
5808|5069|
5810|9685|
5811|10187|
5815|9006|
5819|5404|
5823|3062|
5824|9396|
5825|7252|
5829|1763|
5831|5546|
5835|1112|
5837|8512|
5840|10576|
5842|8701|
5843|7719|
5846|3325|
5849|11230|
5850|9072|
5852|684|
5854|9100|
5857|3051|
5861|560|
5865|9222|
5870|11097|
5874|7806|
5876|8451|
5881|9506|
5884|9760|
5886|6824|
5888|4639|
5889|10142|
5893|9945|
5896|6414|
5898|7681|
5903|4285|
5907|3942|
5908|9496|
5912|8039|
5914|7943|
5918|7848|
5919|7563|
5923|9137|
5927|6533|
5930|928|
5935|3567|
5937|1803|
5939|5226|
5940|8937|
5945|10648|
5946|2988|
5947|9102|
5950|5981|
5951|8910|
5955|7554|
5958|6944|
5962|1315|
5967|4451|
5972|8123|
5977|2047|
5982|7659|
5983|3624|
5987|3585|
5989|2846|
5993|5000|
5998|3555|
6001|1829|
6006|5474|
6009|4673|
6011|7534|
6012|3968|
6013|1971|
6018|4810|
6019|1446|
6022|4038|
6023|137|
6025|4000|
6028|10875|
6033|289|
6036|1095|
6040|9713|
6041|6403|
6043|8131|
6045|10764|
6049|3028|
6053|2118|
6054|6447|
6058|10493|
6061|96|
6062|4203|
6066|8733|
6070|5900|
6073|8326|
6075|8923|
6080|6197|
6082|2757|
6084|6402|
6086|4469|
6091|7405|
6092|1037|
6095|10164|
6099|2968|
6104|3071|
6108|3577|
6110|5824|
6111|10781|
6116|2317|
6117|3905|
6120|4179|
6121|10118|
6125|6751|
6127|4149|
6131|10372|
6132|2094|
6137|7791|
6140|6733|
6141|11061|
6145|1102|
6146|1919|
6148|7765|
6149|7350|
6152|9959|
6154|7274|
6158|971|
6162|6170|
6167|4093|
6172|7300|
6176|10667|
6177|6189|
6181|7166|
6185|10556|
6190|9626|
6195|5814|
6200|3941|
6205|1719|
6210|4696|
6212|10990|
6213|1013|
6217|10590|
6219|57|
6223|9165|
6228|2349|
6232|2926|
6234|5629|
6238|7436|
6243|6203|
6247|6159|
6250|4045|
6253|8341|
6255|6653|
6260|2177|
6261|5964|
6262|524|
6263|9491|
6266|9249|
6267|3748|
6271|4183|
6276|5539|
6278|3530|
6282|7246|
6284|7534|
6288|4901|
6292|5635|
6296|9851|
6297|8981|
6298|9735|
6300|7866|
6303|1317|
6307|7367|
6310|3692|
6315|6314|
6316|7956|
6320|6277|
6324|4711|
6326|8956|
6331|3398|
6333|3788|
6336|9942|
6340|7605|
6342|2337|
6345|8095|
6346|2455|
6350|1552|
6354|6411|
6356|5645|
6361|6253|
6362|1555|
6366|9051|
6368|8719|
6369|2773|
6370|1961|
6371|10499|
6374|6738|
6375|7545|
6377|9951|
6382|8438|
6384|8013|
6389|9194|
6394|5677|
6395|1758|
6399|9609|
6404|5387|
6405|6351|
6406|309|
6409|10429|
6410|269|
6411|4941|
6412|1167|
6414|8872|
6419|5443|
6420|1793|
6421|2484|
6426|3096|
6430|559|
6432|10727|
6436|216|
6440|4435|
6445|3465|
6446|6666|
6451|2221|
6455|5669|
6457|11136|
6458|8567|
6463|3738|
6467|4636|
6471|7921|
6476|8496|
6478|9511|
6479|5887|
6484|6148|
6489|10293|
6494|8269|
6496|1703|
6500|3411|
6505|96|
6509|5255|
6512|586|
6515|4420|
6519|5661|
6522|4312|
6526|10317|
6529|4296|
6530|594|
6532|5881|
6536|4531|
6538|5729|
6542|10816|
6546|2393|
6550|10306|
6551|9880|
6553|8537|
6557|6141|
6559|6151|
6562|7311|
6567|10395|
6569|2276|
6571|4127|
6572|1340|
6575|2251|
6580|7572|
6585|2218|
6590|135|
6594|3114|
6596|5055|
6598|8928|
6602|5310|
6606|9834|
6607|4794|
6612|9139|
6613|1683|
6615|9165|
6616|4548|
6619|10211|
6621|1817|
6625|4025|
6627|832|
6632|464|
6637|5005|
6639|7118|
6640|5137|
6645|7832|
6650|6057|
6655|837|
6657|6161|
6660|3890|
6665|4669|
6668|7320|
6670|7585|
6672|7886|
6676|5156|
6679|2949|
6683|8194|
6688|5429|
6693|10775|
6698|5912|
6700|5519|
6704|5773|
6708|7897|
6710|10690|
6711|2212|
6713|10685|
6718|8481|
6720|6964|
6725|1699|
6728|944|
6732|10589|
6734|6253|
6735|11240|
6737|6673|
6739|280|
6743|1298|
6748|9796|
6753|225|
6754|3630|
6756|10937|
6757|3084|
6758|846|
6761|2177|
6763|1252|
6767|10209|
6770|10771|
6773|5944|
6777|7159|
6781|10192|
6783|9088|
6784|10776|
6789|1839|
6793|9335|
6795|1134|
6797|9699|
6800|1420|
6803|9935|
6805|5195|
6810|4639|
6813|10065|
6815|116|
6817|7311|
6820|8721|
6824|6876|
6828|2729|
6833|7568|
6836|602|
6837|4183|
6842|11235|
6843|7799|
6845|2158|
6848|4296|
6850|11206|
6855|10584|
6857|3428|
6859|4486|
6863|10092|
6865|9016|
6869|9213|
6874|4326|
6879|5576|
6880|2942|
6882|5788|
6887|157|
6891|3294|
6895|618|
6899|1456|
6903|2260|
6907|7078|
6909|11002|
6912|8934|
6917|7327|
6920|11289|
6924|1921|
6925|5008|
6929|3639|
6932|1497|
6935|7048|
6939|1456|
6943|371|
6944|10624|
6946|4045|
6950|5630|
6955|5938|
6960|9096|
6964|8078|
6969|888|
6970|6794|
6972|2359|
6973|7860|
6974|8423|
6975|8876|
6980|10447|
6984|6913|
6989|300|
6990|6575|
6995|10549|
6996|7505|
7001|8217|
7002|6899|
7005|2401|
7008|5352|
7012|8758|
7017|2543|
7019|7989|
7023|5436|
7026|5525|
7030|6600|
7033|10765|
7035|2651|
7038|4093|
7039|5543|
7040|1915|
7042|10602|
7045|9808|
7050|5005|
7052|6701|
7057|8669|
7061|1563|
7066|9919|
7069|8315|
7072|650|
7074|9850|
7075|6062|
7079|8288|
7082|6964|
7086|2712|
7089|2272|
7090|330|
7093|5198|
7096|6964|
7098|9937|
7100|8847|
7102|10956|
7103|9051|
7106|4719|
7107|3818|
7111|4849|
7114|8956|
7119|5981|
7124|9265|
7126|6152|
7130|9614|
7132|10151|
7133|6884|
7136|1903|
7140|2439|
7145|4746|
7149|5948|
7151|1893|
7156|1095|
7159|6523|
7160|7135|
7164|6668|
7165|5960|
7168|7226|
7169|10907|
7172|9818|
7174|10436|
7178|1278|
7183|3602|
7184|8479|
7185|1578|
7188|1017|
7190|9721|
7193|7641|
7195|8970|
7200|8403|
7205|7761|
7208|278|
7213|6141|
7217|10507|
7218|5913|
7220|303|
7223|4707|
7227|6192|
7231|3596|
7232|971|
7237|4581|
7238|10889|
7239|96|
7243|8926|
7244|8498|
7246|10594|
7247|6734|
7252|7599|
7254|7760|
7255|3090|
7257|591|
7259|384|
7263|5778|
7264|10996|
7267|2643|
7270|642|
7272|6180|
7273|6653|
7278|1479|
7279|7584|
7282|9673|
7283|2497|
7287|8948|
7290|4799|
7291|9923|
7293|1459|
7295|4662|
7297|6625|
7300|7558|
7301|5504|
7306|8385|
7311|4881|
7316|6917|
7317|3734|
7318|6706|
7323|10701|
7326|5073|
7328|7982|
7330|7502|
7332|4216|
7336|6483|
7338|10223|
7342|1748|
7345|5069|
7346|8980|
7349|786|
7353|1635|
7356|7201|
7360|6711|
7364|2249|
7365|4827|
7367|10764|
7368|11407|
7369|9963|
7370|10324|
7372|9703|
7377|934|
7379|2048|
7382|3052|
7385|3325|
7389|5452|
7392|1940|
7395|6304|
7400|7472|
7404|6418|
7409|2759|
7413|3315|
7417|8247|
7420|7781|
7421|764|
7426|10420|
7427|9472|
7430|900|
7431|4372|
7435|8892|
7438|5250|
7441|4166|
7442|7201|
7447|2579|
7448|9176|
7450|6422|
7451|7123|
7454|264|
7455|1963|
7456|3222|
7460|6030|
7461|1563|
7464|7678|
7468|6653|
7470|10126|
7474|1390|
7475|77|
7479|3671|
7482|5411|
7483|3588|
7484|10164|
7489|8208|
7492|943|
7497|4165|
7499|6845|
7501|7821|
7502|5812|
7506|7078|
7510|1998|
7512|613|
7514|681|
7515|10151|
7519|1350|
7522|16|
7525|3864|
7530|3077|
7535|2143|
7536|1778|
7539|5726|
7544|3402|
7549|7299|
7551|5933|
7554|8705|
7555|914|
7558|374|
7563|7183|
7567|10478|
7568|9842|
7572|5448|
7577|5733|
7582|1524|
7583|10937|
7588|11061|
7589|6211|
7594|5795|
7595|1317|
7597|6132|
7602|2763|
7605|7502|
7606|5635|
7608|9039|
7610|3760|
7614|4792|
7619|2234|
7621|3191|
7623|7441|
7624|6225|
7629|6743|
7632|3183|
7635|7311|
7640|7715|
7644|2872|
7649|6881|
7653|7457|
7656|9490|
7659|8964|
7664|6151|
7667|10866|
7669|3451|
7671|3428|
7673|10380|
7677|6635|
7680|5404|
7684|5164|
7685|1935|
7690|5741|
7691|1270|
7695|4644|
7698|8279|
7702|10807|
7703|6324|
7705|1699|
7709|3379|
7714|11046|
7719|10570|
7724|10980|
7726|5992|
7728|4043|
7729|5528|
7734|1880|
7735|650|
7739|4000|
7742|9663|
7747|4838|
7749|3284|
7752|10817|
7753|5463|
7758|5700|
7760|7193|
7763|11142|
7766|4065|
7768|1728|
7771|9334|
7776|6517|
7777|8535|
7781|4280|
7786|6397|
7791|9491|
7796|9664|
7798|5850|
7801|786|
7804|4252|
7805|10043|
7806|7661|
7807|9837|
7812|6027|
7816|696|
7818|8926|
7823|983|
7827|11032|
7828|7864|
7832|8912|
7837|3895|
7840|3151|
7842|5248|
7844|4366|
7847|3997|
7849|5791|
7852|632|
7855|5867|
7858|8170|
7860|10556|
7864|5989|
7866|2992|
7868|3783|
7869|2251|
7874|82|
7878|4728|
7881|3872|
7885|4759|
7886|7489|
7890|8567|
7893|1825|
7896|10586|
7899|8194|
7900|1018|
7901|6238|
7905|7361|
7910|3140|
7914|3183|
7918|1090|
7920|8957|
7922|4065|
7926|9541|
7928|10747|
7929|10115|
7934|5759|
7937|2004|
7942|8740|
7944|6948|
7946|2444|
7947|4531|
7952|7956|
7954|5792|
7956|9647|
7957|8044|
7962|1439|
7963|9472|
7964|3855|
7967|9511|
7969|1099|
7971|10868|
7973|8928|
7975|1768|
7980|4250|
7984|4534|
7987|8795|
7992|137|
7994|418|
7995|4915|
7996|9880|
7997|722|
7998|3834|
7999|9425|
8002|4263|
8007|8848|
8010|6050|
8013|6767|
8014|9774|
8019|10422|
8024|8331|
8029|3895|
8034|1755|
8036|1992|
8040|9818|
8042|2632|
8044|4838|
8046|2916|
8050|7461|
8052|5114|
8056|5251|
8057|5853|
8062|7338|
8063|2219|
8065|744|
8070|6003|
8074|1510|
8078|6725|
8082|1293|
8085|7654|
8090|11324|
8091|3017|
8096|9914|
8101|2379|
8106|1886|
8109|7431|
8111|1874|
8113|359|
8116|1185|
8121|5073|
8124|8002|
8127|1752|
8132|5119|
8134|7480|
8138|10915|
8142|5398|
8146|803|
8149|8366|
8152|6168|
8155|5867|
8158|8521|
8163|8919|
8164|4692|
8166|9249|
8170|11385|
8171|6804|
8173|2053|
8175|551|
8180|9668|
8182|3127|
8187|5560|
8192|5069|
8196|2916|
8199|6653|
8204|2505|
8206|9764|
8209|503|
8213|8963|
8214|6447|
8218|9867|
8219|2552|
8221|10533|
8224|7816|
8226|2778|
8228|7287|
8230|2337|
8233|3013|
8235|11304|
8237|4805|
8238|1141|
8241|1247|
8245|689|
8250|7470|
8253|10478|
8258|1146|
8263|9690|
8264|9155|
8268|3980|
8273|9851|
8277|1252|
8281|2102|
8282|6203|
8286|3941|
8291|1441|
8292|10758|
8294|816|
8296|6312|
8301|8241|
8302|8100|
8304|3728|
8308|9389|
8313|392|
8315|5564|
8319|2861|
8323|9955|
8328|10375|
8333|5338|
8335|10307|
8339|3818|
8341|1564|
8346|838|
8348|10323|
8350|2621|
8355|6051|
8356|9093|
8361|3713|
8362|3413|
8366|3837|
8369|3217|
8371|6207|
8373|11084|
8376|6786|
8381|9434|
8382|3498|
8385|10765|
8388|5597|
8390|11057|
8395|1880|
8399|7006|
8400|7737|
8402|705|
8404|3236|
8408|3599|
8410|2292|
8415|9849|
8419|1621|
8422|4985|
8424|2963|
8428|6553|
8429|374|
8434|2958|
8437|4156|
8438|8004|
8443|9453|
8446|11000|
8450|4478|
8454|8274|
8456|3145|
8458|11397|
8462|1982|
8466|9044|
8470|3895|
8471|9165|
8476|4684|
8480|408|
8485|7|
8489|5941|
8490|5510|
8492|300|
8495|3349|
8500|319|
8504|10240|
8505|10968|
8510|8806|
8514|1295|
8515|7159|
8518|2887|
8523|6189|
8525|7728|
8526|407|
8528|11097|
8529|3588|
8534|5359|
8536|8321|
8539|6560|
8540|1331|
8543|3533|
8545|1089|
8549|1950|
8552|11327|
8556|2161|
8557|5137|
8560|9856|
8564|4208|
8565|5281|
8566|1402|
8571|4696|
8572|2414|
8577|1198|
8580|6422|
8581|7030|
8585|7935|
8589|11354|
8592|534|
8593|3218|
8594|628|
8598|10817|
8600|6273|
8603|7018|
8608|3083|
8613|278|
8618|5021|
8619|1412|
8623|2999|
8625|79|
8628|10511|
8633|7683|
8637|2072|
8638|9229|
8641|3859|
8643|10798|
8644|9937|
8646|6351|
8650|7287|
8653|10992|
8655|4213|
8659|43|
8663|819|
8667|2479|
8669|9818|
8670|5099|
8672|6253|
8675|8537|
8678|7953|
8683|8165|
8688|11262|
8689|8721|
8690|8932|
8692|7347|
8695|6442|
8696|7806|
8700|2462|
8703|8535|
8705|2361|
8707|10556|
8708|6983|
8711|524|
8716|8229|
8720|8087|
8723|5091|
8724|4608|
8729|2911|
8730|254|
8734|5011|
8735|6911|
8737|3334|
8741|1719|
8743|1029|
8744|5733|
8748|11204|
8752|5969|
8756|1273|
8760|561|
8765|2115|
8769|11351|
8771|5819|
8775|2618|
8779|4696|
8784|6933|
8789|3649|
8793|8372|
8798|2753|
8799|1439|
8802|3577|
8806|956|
8808|3066|
8809|9389|
8811|6942|
8814|4372|
8816|7083|
8817|4074|
8822|4161|
8823|1510|
8827|5153|
8832|8772|
8833|11033|
8838|26|
8842|2482|
8845|1621|
8849|384|
8852|5937|
8853|3479|
8858|9695|
8862|10209|
8865|3602|
8869|1699|
8871|8833|
8875|1880|
8879|4788|
8884|11259|
8886|8887|
8887|9265|
8892|10560|
8897|6311|
8900|6266|
8901|9340|
8904|932|
8905|6050|
8909|8124|
8910|5444|
8913|2039|
8914|5421|
8919|11379|
8920|6758|
8925|10890|
8926|1811|
8927|4372|
8932|9529|
8936|433|
8938|3605|
8941|3457|
8946|10306|
8948|4878|
8950|8124|
8954|8750|
8959|9452|
8963|389|
8967|1825|
8969|9992|
8972|4165|
8977|1874|
8979|7038|
8983|3561|
8988|1659|
8993|7873|
8996|10667|
8998|3088|
9001|5007|
9003|1315|
9005|351|
9007|947|
9010|8984|
9011|9630|
9016|9790|
9021|5265|
9024|7468|
9028|443|
9033|2382|
9038|11310|
9042|2764|
9046|1099|
9050|10776|
9051|1195|
9056|2034|
9060|1172|
9062|10074|
9066|8948|
9069|7608|
9071|9951|
9076|6505|
9081|9621|
9085|1907|
9087|11314|
9091|3389|
9092|2823|
9097|9441|
9101|496|
9106|2916|
9110|10303|
9112|6460|
9115|9567|
9119|6910|
9123|5792|
9128|8119|
9133|6730|
9137|1061|
9140|4696|
9142|8403|
9145|6024|
9147|9139|
9150|8023|
9152|2173|
9154|10885|
9157|2213|
9162|402|
9165|5971|
9170|9630|
9174|1583|
9177|3003|
9178|8902|
9180|9607|
9185|10135|
9187|1075|
9190|3428|
9191|113|
9195|7672|
9200|872|
9203|11289|
9208|4923|
9212|4746|
9216|9117|
9221|2794|
9223|10204|
9227|4032|
9228|4860|
9229|7472|
9232|2492|
9236|6988|
9239|11026|
9241|5401|
9245|6148|
9250|8882|
9254|4309|
9256|1630|
9258|8781|
9259|9444|
9264|8380|
9269|10162|
9272|1713|
9273|2528|
9278|8850|
9281|7708|
9286|7620|
9290|2422|
9292|9229|
9293|6782|
9298|10689|
9301|11389|
9302|9411|
9303|7062|
9304|8912|
9307|9102|
9308|983|
9313|6490|
9317|4882|
9320|561|
9322|4937|
9323|10807|
9327|1278|
9330|320|
9335|5244|
9338|10994|
9339|1510|
9343|6755|
9346|10085|
9348|6689|
9351|741|
9352|9856|
9357|9710|
9359|6587|
9361|1583|
9365|7759|
9369|2736|
9372|1783|
9374|662|
9375|613|
9377|5484|
9382|359|
9385|988|
9390|3723|
9394|2379|
9397|7367|
9399|6161|
9402|9640|
9407|10975|
9412|10871|
9416|3642|
9420|10964|
9423|8250|
9425|4995|
9428|6850|
9431|11240|
9433|3062|
9437|4172|
9438|10110|
9443|9755|
9447|4027|
9448|7170|
9449|1374|
9454|6188|
9459|2009|
9462|2190|
9463|9987|
9465|435|
9467|3673|
9472|1236|
9476|3732|
9478|2583|
9481|4213|
9482|7115|
9484|9784|
9485|2745|
9487|11362|
9491|4613|
9496|9009|
9500|9402|
9505|5915|
9506|11087|
9507|5166|
9509|4372|
9511|3542|
9515|2048|
9518|782|
9519|5947|
9520|2582|
9523|3531|
9525|8226|
9530|4882|
9533|7405|
9538|2365|
9541|3689|
9542|8299|
9545|5915|
9550|11063|
9553|10720|
9556|1634|
9557|11275|
9559|3931|
9563|5889|
9568|7909|
9573|809|
9575|9291|
9577|8989|
9582|10173|
9585|5704|
9590|6611|
9591|1729|
9594|5350|
9598|7087|
9600|8754|
9605|4486|
9609|9642|
9612|2613|
9614|9301|
9617|5091|
9620|2699|
9624|7977|
9627|2731|
9631|1471|
9634|3358|
9635|5380|
9636|10344|
9639|3592|
9643|7920|
9647|10428|
9649|1058|
9650|3217|
9654|6611|
9657|225|
9662|8708|
9666|10021|
9668|1966|
9672|10370|
9676|7231|
9681|5892|
9685|1386|
9689|611|
9690|10091|
9695|10898|
9700|10607|
9705|8772|
9707|4846|
9711|1295|
9715|3284|
9719|10772|
9722|10436|
9723|9555|
9727|177|
9731|1611|
9735|1333|
9738|7571|
9740|7616|
9741|5021|
9744|3183|
9749|3405|
9754|9122|
9757|943|
9758|6388|
9763|11213|
9764|803|
9768|10391|
9771|10271|
9775|10674|
9778|764|
9783|9072|
9788|9850|
9790|5275|
9793|2379|
9796|1555|
9800|5077|
9803|3401|
9808|6721|
9810|7609|
9814|4377|
9816|5315|
9821|2748|
9825|6933|
9829|1711|
9834|1719|
9838|10114|
9843|5897|
9846|6824|
9849|9563|
9851|9457|
9855|1282|
9856|5804|
9861|8923|
9863|6988|
9868|359|
9871|1761|
9873|6778|
9874|1066|
9878|8750|
9879|4707|
9884|10560|
9885|10866|
9890|9806|
9894|9668|
9896|3209|
9897|5614|
9901|9130|
9902|6505|
9905|1389|
9906|5300|
9911|544|
9913|8039|
9915|7157|
9917|1185|
9922|5360|
9924|9621|
9925|973|
9929|8673|
9932|3017|
9933|10442|
9934|9257|
9936|2851|
9939|6520|
9943|8695|
9944|177|
9949|11008|
9954|5101|
9956|10549|
9959|518|
9964|944|
9967|1381|
9972|8171|
9974|767|
9975|3003|
9978|4741|
9983|2301|
9988|4599|
9992|2992|
9997|9663|
10000|9051|
10005|6253|
10010|53|
10012|135|
10015|3174|
10019|7038|
10022|824|
10027|850|
10032|3096|
10033|6927|
10035|9911|
10040|15|
10043|2006|
10045|10825|
10048|464|
10050|11235|
10054|704|
10055|294|
10058|9690|
10062|294|
10067|10809|
10071|9253|
10073|4719|
10078|3491|
10083|384|
10085|10797|
10088|3046|
10090|11006|
10093|9502|
10096|8856|
10099|8542|
10102|4500|
10105|10714|
10106|3334|
10108|6253|
10111|9724|
10112|10478|
10117|4959|
10118|9678|
10122|6244|
10127|6118|
10128|1678|
10132|7272|
10134|5928|
10137|4280|
10139|3931|
10140|9107|
10142|10625|
10144|6904|
10148|7040|
10153|5479|
10156|10895|
10161|4350|
10163|1998|
10164|8170|
10168|4371|
10171|8649|
10176|1856|
10181|9898|
10182|5081|
10183|6098|
10187|4830|
10189|3508|
10191|10584|
10195|6587|
10196|9265|
10201|4618|
10202|1112|
10205|10624|
10207|841|
10211|9165|
10216|751|
10218|5933|
10220|9480|
10224|8661|
10226|4899|
10231|7982|
10234|4911|
10239|5875|
10244|10811|
10246|3052|
10250|7019|
10255|4015|
10257|776|
10259|2992|
10263|10074|
10267|10474|
10271|7023|
10274|6968|
10279|2608|
10280|973|
10281|10494|
10284|4374|
10288|7799|
10291|7814|
10296|3685|
10299|5283|
10302|1713|
10307|10714|
10308|370|
10312|10297|
10313|8956|
10314|9955|
10318|43|
10321|4406|
10325|566|
10327|473|
10330|9856|
10331|10862|
10335|4809|
10338|7418|
10339|3957|
10341|1515|
10342|6057|
10343|3452|
10345|5099|
10350|6207|
10354|7135|
10355|2492|
10357|7788|
10359|2368|
10361|8604|
10362|10187|
10364|1346|
10368|5469|
10372|6978|
10374|8765|
10376|7973|
10380|3041|
10385|9320|
10388|9334|
10392|3453|
10397|1677|
10399|5887|
10404|4468|
10408|10816|
10413|5134|
10418|1205|
10419|7056|
10420|10907|
10424|2732|
10426|3465|
10428|6563|
10431|4114|
10432|2731|
10435|990|
10438|3389|
10440|1903|
10445|6653|
10446|269|
10449|7392|
10452|1711|
10456|11324|
10458|4287|
10462|496|
10464|4995|
10465|8934|
10467|7287|
10470|1719|
10471|760|
10476|9491|
10479|2238|
10480|9870|
10484|819|
10488|5779|
10490|9942|
10491|5012|
10495|8250|
10500|2200|
10501|2359|
10506|4531|
10509|9596|
10511|10996|
10512|733|
10515|9923|
10517|611|
10518|9985|
10520|8414|
10522|4110|
10523|4581|
10524|7027|
10526|9647|
10527|7572|
10530|6955|
10532|1084|
10534|1597|
10536|8827|
10537|4319|
10538|3473|
10541|3953|
10545|10763|
10546|11091|
10550|10257|
10551|8326|
10556|4704|
10557|4280|
10559|1278|
10562|6791|
10567|5201|
10569|7609|
10573|5593|
10577|2004|
10578|6341|
10581|10674|
10583|3815|
10585|3874|
10587|2153|
10590|9047|
10595|5467|
10598|5008|
10603|6678|
10604|1017|
10608|7246|
10611|5657|
10615|9964|
10617|3457|
10621|6110|
10622|4762|
10627|1205|
10632|1003|
10634|483|
10637|6520|
10641|8019|
10645|5281|
10646|8837|
10648|11011|
10650|2492|
10653|9335|
10656|9075|
10657|10702|
10659|10460|
10664|10451|
10669|1755|
10673|2916|
10678|5250|
10681|8688|
10683|10092|
10688|1894|
10692|3911|
10696|651|
10701|2709|
10702|7724|
10707|9003|
10712|867|
10716|31|
10717|1185|
10720|10025|
10724|11087|
10726|1032|
10729|435|
10734|4838|
10737|8785|
10738|2778|
10739|3501|
10744|82|
10746|3334|
10751|5452|
10752|41|
10754|7826|
10755|1948|
10760|9582|
10764|4399|
10767|9266|
10769|6035|
10770|10899|
10774|8548|
10779|4081|
10782|6148|
10783|1763|
10787|10775|
10791|7608|
10793|3033|
10797|7570|
10800|1773|
10805|11136|
10810|2292|
10811|6537|
10813|6187|
10815|6051|
10818|2565|
10820|4027|
10821|4238|
10823|1131|
10825|4292|
10829|1072|
10833|1295|
10836|11235|
10841|10986|
10845|4781|
10848|4930|
10852|7121|
10853|994|
10854|9843|
10859|4|
10861|4460|
10865|8505|
10867|427|
10868|3046|
10871|6953|
10876|745|
10880|306|
10881|594|
10885|8004|
10886|7806|
10889|560|
10893|144|
10894|8399|
10898|3244|
10900|2401|
10901|7283|
10905|3258|
10910|4190|
10915|163|
10916|9514|
10920|3666|
10923|4751|
10927|5077|
10930|6996|
10935|6297|
10936|9838|
10937|3013|
10938|109|
10941|2128|
10946|5265|
10949|4901|
10952|696|
10955|10380|
10956|1862|
10959|1386|
10961|7051|
10966|10424|
10971|2593|
10976|6089|
10977|7996|
10979|269|
10983|551|
10986|8856|
10987|1095|
10991|7632|
10992|7223|
10993|6419|
10996|2006|
11001|7826|
11006|4788|
11010|2925|
11013|10451|
11015|3401|
11017|10716|
11019|566|
11021|3077|
11025|9174|
11029|1849|
11033|482|
11038|9834|
11042|9101|
11044|5741|
11046|2345|
11050|764|
11052|3985|
11054|1471|
11058|10428|
11062|7958|
11063|6304|
11067|7332|
11071|2312|
11075|8579|
11079|3209|
11082|5989|
11083|6828|
11086|3814|
11087|8948|
11092|5121|
11096|7299|
11099|9291|
11100|2221|
11105|4034|
11107|3681|
11109|504|
11110|4500|
11111|8194|
11113|3423|
11114|11204|
11116|9668|
11117|10065|
11122|4553|
11123|3056|
11125|1117|
11130|8811|
11133|5652|
11134|6099|
11138|4762|
11143|278|
11145|3398|
11146|1352|
11147|1320|
11150|6702|
11154|11032|
11158|7472|
11163|10885|
11167|168|
11171|7616|
11176|10903|
11178|3567|
11179|10166|
11184|3773|
11186|4025|
11191|3773|
11195|371|
11200|509|
11201|8881|
11202|6414|
11207|10219|
11208|624|
11213|2238|
11215|8229|
11219|3561|
11222|1221|
11226|1029|
11231|11044|
11235|9806|
11239|1335|
11244|10126|
11247|7935|
11252|7193|
11255|8512|
11258|6197|
11260|7791|
11262|6295|
11263|2280|
11266|6132|
11271|10033|
11273|6119|
11274|2744|
11276|5189|
11279|4494|
11283|9498|
11285|2320|
11289|10625|
11293|2234|
11296|1524|
11299|7342|
11302|773|
11303|1915|
11308|7393|
11313|31|
11317|7405|
11322|6106|
11324|10370|
11329|9979|
11332|5741|
11333|10507|
11335|2118|
11338|10666|
11342|8693|
11344|1728|
11347|3480|
11348|3898|
11353|11033|
11357|8712|
11361|2213|
11366|9987|
11369|9511|
11371|7302|
11373|10830|
11378|2393|
11379|1061|
11384|5401|
11387|4852|
11392|4989|
11394|1486|
11399|8745|
11403|252|
11408|15|
11413|7178|
11418|1736|
11420|6844|
11425|6009|
11429|7152|
11431|4183|
11434|3557|
11438|1958|
11441|7229|
11445|7248|
11448|9170|
11452|1761|
11454|803|
11458|8263|
11459|5948|
11461|6717|
11466|1070|
11467|9782|
11469|7035|
11471|6625|
11475|932|
11477|9472|
11479|8772|
11481|8934|
11484|8560|
11488|11301|
11491|254|
11493|6651|
11494|9006|
11498|2312|
11503|2455|
11505|6809|
11506|316|
11507|9903|
11510|6904|
11513|4486|
11515|5956|
11520|2628|
11524|1755|
11525|2470|
11526|10401|
11529|744|
11531|2449|
11534|8684|
11535|8341|
11540|10727|
11545|8337|
11550|7759|
11553|9334|
11554|7436|
11556|10910|
11559|306|
11561|1123|
11565|1926|
11566|4555|
11568|9001|
11570|2138|
11574|2993|
11576|9221|
11580|8337|
11582|2317|
11586|21|
11587|5593|
11591|5147|
11596|8236|
11600|3572|
11603|8255|
11607|5028|
11609|6572|
11610|8928|
11615|1203|
11620|9359|
11625|5732|
11629|6567|
11631|1987|
11633|2974|
11636|3372|
11641|4165|
11645|6567|
11647|9032|
11650|3218|
11654|7449|
11656|4113|
11659|7078|
11660|8621|
11664|7715|
11667|3673|
11671|2280|
11672|1576|
11676|8947|
11680|8137|
11683|246|
11686|10701|
11691|6234|
11696|5928|
11698|4113|
11702|6738|
11707|9351|
11708|681|
11710|5119|
11715|3583|
11718|4508|
11723|1306|
11726|3718|
11727|2462|
11730|4255|
11734|2039|
11735|10094|
11740|10576|
11743|9903|
11747|11021|
11749|4401|
11753|4172|
11754|4696|
11756|2082|
11757|3968|
11760|10801|
11763|8185|
11768|5119|
11769|370|
11770|8905|
11773|8604|
11774|4366|
11776|4366|
11780|5085|
11784|7608|
11789|6464|
11790|7871|
11794|2930|
11797|1748|
11801|7579|
11804|5837|
11808|9591|
11813|7248|
11815|8013|
11816|5602|
11817|7206|
11822|6389|
11825|650|
11826|6791|
11829|1379|
11832|1471|
11835|6686|
11840|6534|
11841|4141|
11846|6092|
11849|1290|
11853|10971|
11856|10380|
11857|6314|
11862|1634|
11864|125|
11867|6786|
11871|9833|
11875|8403|
11878|8995|
11882|6755|
11884|8941|
11889|3325|
11890|209|
11895|9299|
11898|300|
11900|1944|
11902|3172|
11903|6645|
11906|8827|
11911|9969|
11915|10298|
11918|6122|
11923|9815|
11927|11282|
11928|9774|
11933|82|
11936|2926|
11940|5819|
11941|3815|
11943|9365|
11947|6107|
11948|8244|
11949|797|
11953|4636|
11957|7129|
11960|7418|
11965|10092|
11969|1118|
11971|26|
11973|1324|
11975|1909|
11980|109|
11983|6282|
11984|1703|
11986|2023|
11988|8138|
11991|975|
11995|2204|
11998|1107|
12001|8240|
12005|1018|
12006|7105|
12010|6189|
12013|4208|
12016|928|
12021|5944|
12026|1142|
12028|10358|
12031|374|
12035|8385|
12037|1127|
12040|10451|
12043|1317|
12046|5031|
12049|6594|
12054|1560|
12055|11331|
12059|10523|
12061|3091|
12066|3626|
12067|9647|
12072|3827|
12076|3436|
12077|9631|
12078|10893|
12081|11346|
12086|1950|
12091|4127|
12092|6653|
12095|10478|
12099|7672|
12100|2492|
12104|10732|
12108|195|
12109|7292|
12111|10624|
12115|9989|
12117|7819|
12119|4818|
12121|486|
12123|5792|
12124|531|
12127|5226|
12132|4456|
12136|2879|
12139|10288|
12144|867|
12145|4114|
12148|8490|
12150|8765|
12151|9389|
12155|2534|
12160|9402|
12162|11331|
12167|10157|
12172|6927|
12177|2237|
12182|147|
12185|2060|
12189|8697|
12194|5677|
12198|8970|
12199|7776|
12203|10356|
12207|2359|
12212|6329|
12215|10204|
12220|5853|
12221|8957|
12223|8560|
12227|5678|
12229|891|
12230|6978|
12233|6160|
12238|4985|
12239|1381|
12240|2676|
12241|7489|
12243|9420|
12248|4531|
12253|7697|
12257|6293|
12259|3948|
12260|6955|
12263|5657|
12265|3718|
12268|10690|
12272|9282|
12277|6546|
12278|10192|
12279|8958|
12280|4827|
12282|8366|
12286|10678|
12287|5819|
12292|3409|
12295|2833|
12299|5171|
12302|3028|
12307|2361|
12308|6652|
12312|7322|
12316|4098|
12318|9919|
12322|1926|
12326|5007|
12327|3503|
12328|10064|
12330|10003|
12334|10255|
12338|431|
12339|10740|
12340|8372|
12342|3539|
12343|9529|
12347|5195|
12351|7628|
12355|8957|
12357|8621|
12360|3369|
12365|9327|
12370|2047|
12375|5300|
12377|6743|
12382|6115|
12383|7654|
12384|5872|
12385|5750|
12388|389|
12392|524|
12394|6372|
12397|6964|
12398|5270|
12401|4521|
12405|622|
12408|10860|
12412|9736|
12417|11171|
12419|3588|
12424|1198|
12428|5697|
12431|1686|
12432|6893|
12437|9369|
12439|11169|
12441|7796|
12444|4331|
12446|8013|
12449|2987|
12453|5551|
12457|3624|
12460|8171|
12464|8928|
12469|6697|
12470|10765|
12473|359|
12475|9792|
12478|8760|
12479|10771|
12480|10576|
12482|10378|
12484|1186|
12487|6382|
12488|2564|
12492|6533|
12496|9751|
12498|2238|
12501|8097|
12505|6402|
12506|4618|
12507|1456|
12511|5850|
12514|2341|
12515|6439|
12517|452|
12522|5969|
12526|10142|
12531|10328|
12534|1683|
12539|1436|
12541|4227|
12544|1066|
12547|9345|
12551|5293|
12556|2949|
12559|1677|
12563|5999|
12567|6271|
12568|212|
12572|10616|
12576|1143|
12579|4213|
12584|10862|
12586|9843|
12589|408|
12594|9434|
12599|1761|
12603|10666|
12606|7724|
12608|1125|
12610|1471|
12614|2686|
12618|4166|
12622|6983|
12626|2906|
12629|7056|
12631|6152|
12632|5073|
12636|10395|
12639|6892|
12643|456|
12646|10456|
12647|544|
12649|10487|
12653|7032|
12655|7152|
12656|5181|
12658|4688|
12659|4399|
12660|2180|
12662|8441|
12666|2987|
12669|10388|
12670|5842|
12674|1636|
12677|3539|
12681|6734|
12684|5119|
12686|4421|
12688|8902|
12690|6549|
12691|10655|
12695|7097|
12699|109|
12704|6105|
12707|4959|
12710|8621|
12712|6024|
12717|3077|
12722|7886|
12723|7819|
12727|1420|
12731|3713|
12735|1901|
12736|3530|
12738|10450|
12740|2284|
12745|5103|
12748|371|
12753|1901|
12754|8669|
12759|6583|
12760|10045|
12762|2725|
12767|3837|
12769|6166|
12772|6594|
12774|4331|
12778|4735|
12782|10121|
12787|4599|
12792|8410|
12797|8769|
12801|8208|
12802|1695|
12803|2200|
12805|6470|
12810|1380|
12815|1862|
12817|7327|
12821|928|
12825|10775|
12826|6223|
12831|9467|
12835|6537|
12838|10177|
12843|8188|
12847|1021|
12849|5960|
12852|4927|
12854|2823|
12858|9383|
12863|4731|
12868|6289|
12872|10192|
12873|6244|
12875|9485|
12879|5593|
12880|1186|
12884|9347|
12885|7249|
12889|5842|
12890|5614|
12895|8941|
12899|4481|
12900|8445|
12903|7503|
12908|11182|
12909|11263|
12914|4326|
12916|7729|
12920|2237|
12925|8380|
12930|4735|
12931|5394|
12932|7231|
12935|1980|
12940|5528|
12941|6812|
12944|4002|
12945|456|
12948|89|
12951|1921|
12955|7605|
12956|10032|
12957|7249|
12960|7683|
12965|5621|
12970|6218|
12971|7806|
12972|7632|
12973|667|
12978|5114|
12980|1446|
12983|1371|
12987|1796|
12989|11067|
12993|10768|
12996|3346|
13001|2072|
13003|4427|
13004|1996|
13009|10147|
13012|5953|
13014|1379|
13016|1719|
13018|1046|
13022|9239|
13025|5495|
13030|11266|
13033|5500|
13035|6955|
13038|9372|
13043|6333|
13047|1543|
13050|3599|
13054|502|
13056|3942|
13060|3675|
13065|3933|
13070|8984|
13072|3146|
13075|2716|
13076|4961|
13079|3526|
13081|8512|
13083|1520|
13087|4993|
13088|9973|
13089|2513|
13092|62|
13096|5661|
13098|4216|
13102|3266|
13104|7678|
13106|4669|
13108|1695|
13109|2833|
13111|9647|
13113|11313|
13114|10092|
13116|7997|
13118|646|
13122|11015|
13125|7791|
13127|4263|
13130|5190|
13135|1713|
13136|9607|
13140|410|
13144|2218|
13148|3384|
13152|2737|
13157|139|
13160|7510|
13165|1520|
13170|3550|
13173|3941|
13178|9747|
13183|6582|
13188|1657|
13193|7554|
13198|9546|
13203|7617|
13208|6768|
13210|6134|
13212|303|
13214|3829|
13215|7092|
13220|4390|
13221|4843|
13224|7048|
13225|7985|
13226|1487|
13231|8496|
13234|4254|
13239|5419|
13240|7642|
13243|6563|
13244|6372|
13249|3028|
13253|1755|
13255|137|
13260|609|
13265|6141|
13266|8899|
13268|1168|
13270|1825|
13273|11310|
13274|6030|
13278|6332|
13279|9416|
13281|2385|
13284|4768|
13285|4555|
13289|1855|
13292|7618|
13295|5273|
13298|5732|
13301|1003|
13305|1935|
13306|4353|
13309|10251|
13312|2081|
13314|684|
13316|7373|
13317|8600|
13320|9075|
13324|7992|
13327|9595|
13330|2737|
13332|3405|
13335|9777|
13336|3777|
13340|9721|
13345|9201|
13346|8315|
13349|8579|
13351|9570|
13356|8171|
13360|10594|
13362|1112|
13366|6543|
13367|299|
13370|11109|
13372|483|
13374|6782|
13379|3418|
13384|9126|
13385|10584|
13390|4081|
13391|3216|
13392|7510|
13397|3431|
13401|2748|
13403|4534|
13407|2410|
13411|6791|
13414|10674|
13417|4775|
13422|10378|
13426|7958|
13431|1911|
13432|5325|
13435|861|
13436|7628|
13437|3975|
13439|764|
13443|5892|
13447|1576|
13448|7150|
13451|6192|
13456|3372|
13457|4662|
13460|6619|
13461|8372|
13465|4994|
13467|9744|
13470|11194|
13471|6126|
13472|1290|
13474|4834|
13479|5894|
13481|538|
13485|1386|
13486|5593|
13489|10544|
13491|7920|
13492|9626|
13495|6414|
13500|7477|
13502|9224|
13507|10602|
13511|2983|
13514|5593|
13515|8332|
13517|1191|
13519|7553|
13523|10733|
13528|10562|
13530|7248|
13535|6393|
13537|10494|
13541|9161|
13542|11376|
13544|3396|
13547|1946|
13548|2234|
13553|7065|
13557|10411|
13559|8188|
13563|9452|
13566|11204|
13570|6024|
13571|5215|
13576|3206|
13580|6192|
13582|4658|
13585|4172|
13588|2213|
13589|4761|
13593|6723|
13598|8472|
13599|10576|
13604|6097|
13606|1037|
13608|7292|
13612|11187|
13615|11381|
13617|10456|
13621|2814|
13622|906|
13626|1786|
13630|8095|
13631|10888|
13636|7470|
13641|3630|
13646|8472|
13648|5778|
13652|5153|
13654|396|
13656|8948|
13661|10025|
13665|4572|
13669|5999|
13670|6431|
13672|478|
13676|3723|
13680|6170|
13684|1669|
13686|6402|
13690|6266|
13691|3390|
13695|2618|
13697|3368|
13699|3339|
13703|9907|
13707|10544|
13712|6110|
13714|5077|
13716|6203|
13719|1306|
13720|4027|
13721|1618|
13723|5500|
13725|10097|
13728|278|
13729|3091|
13732|10879|
13737|1468|
13740|3145|
13742|3402|
13745|7105|
13749|5201|
13752|113|
13756|4298|
13758|2118|
13762|9347|
13764|1669|
13766|5387|
13771|9477|
13774|5944|
13778|9334|
13783|4981|
13785|8552|
13790|5938|
13794|8075|
13798|8061|
13800|1691|
13805|1589|
13810|7532|
13812|6668|
13814|10838|
13816|10131|
13817|6774|
13821|4435|
13824|9946|
13826|8004|
13831|9690|
13834|7554|
13839|490|
13841|2102|
13842|8013|
13845|10843|
13849|2803|
13852|2439|
13857|3191|
13862|9375|
13864|2122|
13866|2145|
13871|2615|
13874|7037|
13876|4500|
13880|3541|
13884|3252|
13889|1768|
13894|8353|
13898|3997|
13900|10895|
13904|1844|
13907|4729|
13910|331|
13913|2974|
13916|7359|
13918|2040|
13923|7035|
13928|4188|
13929|5720|
13931|10110|
13935|1009|
13936|7431|
13941|5783|
13946|3519|
13948|10255|
13953|7320|
13955|8948|
13959|11033|
13963|10298|
13966|9025|
13967|7928|
13968|6520|
13972|7992|
13976|6249|
13979|3577|
13983|6273|
13984|11330|
13989|3941|
13992|5343|
13996|4821|
13999|4377|
14003|11032|
14008|4227|
14011|7481|
14013|5872|
14016|8785|
14020|2374|
14024|2672|
14027|4060|
14028|3330|
14029|10768|
14033|3437|
14036|3837|
14037|5649|
14042|11354|
14043|10868|
14046|5270|
14049|10162|
14053|363|
14058|3757|
14062|1626|
14067|10400|
14068|332|
14070|3702|
14075|9577|
14076|1591|
